# E (keV) Intensity
0.10	  4.55E-38
0.20	  1.64E-25
0.30	  5.89E-20
0.40	  1.19E-16
0.50	  2.11E-14
0.60	  9.59E-13
0.70	  1.85E-11
0.80	  1.99E-10
0.90	  1.41E-09
1.00	  7.40E-09
1.10	  3.06E-08
1.20	  1.05E-07
1.30	  3.10E-07
1.40	  8.10E-07
1.50	  1.91E-06
1.60	  4.15E-06
1.70	  8.38E-06
1.80	  1.59E-05
1.90	  2.85E-05
2.00	  4.89E-05
2.10	  8.04E-05
2.20	  1.27E-04
2.30	  1.95E-04
2.40	  2.91E-04
2.50	  4.22E-04
2.60	  5.99E-04
2.70	  8.30E-04
2.80	  1.13E-03
2.90	  1.51E-03
3.00	  1.98E-03
3.10	  2.57E-03
3.20	  3.28E-03
3.30	  4.14E-03
3.40	  5.16E-03
3.50	  6.36E-03
3.60	  7.76E-03
3.70	  9.38E-03
3.80	  1.12E-02
3.90	  1.34E-02
4.00	  1.57E-02
4.10	  1.84E-02
4.20	  2.14E-02
4.30	  2.47E-02
4.40	  2.84E-02
4.50	  3.24E-02
4.60	  3.68E-02
4.70	  4.16E-02
4.80	  4.68E-02
4.90	  5.23E-02
5.00	  5.83E-02
5.10	  6.47E-02
5.20	  7.15E-02
5.30	  7.88E-02
5.40	  8.64E-02
5.50	  9.45E-02
5.60	  1.03E-01
5.70	  1.12E-01
5.80	  1.21E-01
5.90	  1.31E-01
6.00	  1.41E-01
6.10	  1.52E-01
6.20	  1.63E-01
6.30	  1.74E-01
6.40	  1.86E-01
6.50	  1.98E-01
6.60	  2.10E-01
6.70	  2.23E-01
6.80	  2.35E-01
6.90	  2.49E-01
7.00	  2.62E-01
7.10	  2.76E-01
7.20	  2.90E-01
7.30	  3.04E-01
7.40	  3.19E-01
7.50	  3.33E-01
7.60	  3.48E-01
7.70	  3.63E-01
7.80	  3.78E-01
7.90	  3.93E-01
8.00	  4.08E-01
8.10	  4.23E-01
8.20	  4.38E-01
8.30	  4.54E-01
8.40	  4.69E-01
8.50	  4.84E-01
8.60	  5.00E-01
8.70	  5.15E-01
8.80	  5.30E-01
8.90	  5.45E-01
9.00	  5.60E-01
9.10	  5.75E-01
9.20	  5.90E-01
9.30	  6.04E-01
9.40	  6.19E-01
9.50	  6.33E-01
9.60	  6.47E-01
9.70	  6.61E-01
9.80	  6.75E-01
9.90	  6.89E-01
10.00	  7.02E-01
10.10	  7.15E-01
10.20	  7.28E-01
10.30	  7.40E-01
10.40	  7.53E-01
10.50	  7.65E-01
10.60	  7.77E-01
10.70	  7.88E-01
10.80	  8.00E-01
10.90	  8.10E-01
11.00	  8.21E-01
11.10	  8.32E-01
11.20	  8.42E-01
11.30	  8.51E-01
11.40	  8.61E-01
11.50	  8.70E-01
11.60	  8.79E-01
11.70	  8.87E-01
11.80	  8.95E-01
11.90	  9.03E-01
12.00	  9.11E-01
12.10	  9.18E-01
12.20	  9.25E-01
12.30	  9.32E-01
12.40	  9.38E-01
12.50	  9.44E-01
12.60	  9.49E-01
12.70	  9.55E-01
12.80	  9.60E-01
12.90	  9.65E-01
13.00	  9.69E-01
13.10	  9.73E-01
13.20	  9.77E-01
13.30	  9.80E-01
13.40	  9.83E-01
13.50	  9.86E-01
13.60	  9.89E-01
13.70	  9.91E-01
13.80	  9.93E-01
13.90	  9.95E-01
14.00	  9.97E-01
14.10	  9.98E-01
14.20	  9.99E-01
14.30	  9.99E-01
14.40	  1.00E+00
14.50	  1.00E+00
14.60	  1.00E+00
14.70	  1.00E+00
14.80	  9.99E-01
14.90	  9.98E-01
15.00	  9.97E-01
15.10	  9.96E-01
15.20	  9.95E-01
15.30	  9.93E-01
15.40	  9.91E-01
15.50	  9.89E-01
15.60	  9.87E-01
15.70	  9.84E-01
15.80	  9.82E-01
15.90	  9.79E-01
16.00	  9.76E-01
16.10	  9.72E-01
16.20	  9.69E-01
16.30	  9.66E-01
16.40	  9.62E-01
16.50	  9.58E-01
16.60	  9.54E-01
16.70	  9.50E-01
16.80	  9.46E-01
16.90	  9.41E-01
17.00	  9.37E-01
17.10	  9.32E-01
17.20	  9.27E-01
17.30	  9.22E-01
17.40	  9.17E-01
17.50	  9.12E-01
17.60	  9.07E-01
17.70	  9.02E-01
17.80	  8.96E-01
17.90	  8.91E-01
18.00	  8.85E-01
18.10	  8.79E-01
18.20	  8.74E-01
18.30	  8.68E-01
18.40	  8.62E-01
18.50	  8.56E-01
18.60	  8.50E-01
18.70	  8.44E-01
18.80	  8.37E-01
18.90	  8.31E-01
19.00	  8.25E-01
19.10	  8.19E-01
19.20	  8.12E-01
19.30	  8.06E-01
19.40	  7.99E-01
19.50	  7.93E-01
19.60	  7.86E-01
19.70	  7.80E-01
19.80	  7.73E-01
19.90	  7.67E-01
20.00	  7.60E-01
20.10	  7.53E-01
20.20	  7.47E-01
20.30	  7.40E-01
20.40	  7.33E-01
20.50	  7.27E-01
20.60	  7.20E-01
20.70	  7.13E-01
20.80	  7.07E-01
20.90	  7.00E-01
21.00	  6.93E-01
21.10	  6.86E-01
21.20	  6.80E-01
21.30	  6.73E-01
21.40	  6.66E-01
21.50	  6.60E-01
21.60	  6.53E-01
21.70	  6.46E-01
21.80	  6.40E-01
21.90	  6.33E-01
22.00	  6.26E-01
22.10	  6.20E-01
22.20	  6.13E-01
22.30	  6.07E-01
22.40	  6.00E-01
22.50	  5.94E-01
22.60	  5.87E-01
22.70	  5.81E-01
22.80	  5.75E-01
22.90	  5.68E-01
23.00	  5.62E-01
23.10	  5.56E-01
23.20	  5.49E-01
23.30	  5.43E-01
23.40	  5.37E-01
23.50	  5.31E-01
23.60	  5.25E-01
23.70	  5.18E-01
23.80	  5.12E-01
23.90	  5.06E-01
24.00	  5.00E-01
24.10	  4.94E-01
24.20	  4.89E-01
24.30	  4.83E-01
24.40	  4.77E-01
24.50	  4.71E-01
24.60	  4.65E-01
24.70	  4.60E-01
24.80	  4.54E-01
24.90	  4.48E-01
25.00	  4.43E-01
25.10	  4.37E-01
25.20	  4.32E-01
25.30	  4.27E-01
25.40	  4.21E-01
25.50	  4.16E-01
25.60	  4.11E-01
25.70	  4.05E-01
25.80	  4.00E-01
25.90	  3.95E-01
26.00	  3.90E-01
26.10	  3.85E-01
26.20	  3.80E-01
26.30	  3.75E-01
26.40	  3.70E-01
26.50	  3.65E-01
26.60	  3.60E-01
26.70	  3.56E-01
26.80	  3.51E-01
26.90	  3.46E-01
27.00	  3.41E-01
27.10	  3.37E-01
27.20	  3.32E-01
27.30	  3.28E-01
27.40	  3.23E-01
27.50	  3.19E-01
27.60	  3.15E-01
27.70	  3.10E-01
27.80	  3.06E-01
27.90	  3.02E-01
28.00	  2.98E-01
28.10	  2.94E-01
28.20	  2.90E-01
28.30	  2.86E-01
28.40	  2.82E-01
28.50	  2.78E-01
28.60	  2.74E-01
28.70	  2.70E-01
28.80	  2.66E-01
28.90	  2.62E-01
29.00	  2.59E-01
29.10	  2.55E-01
29.20	  2.51E-01
29.30	  2.48E-01
29.40	  2.44E-01
29.50	  2.41E-01
29.60	  2.37E-01
29.70	  2.34E-01
29.80	  2.30E-01
29.90	  2.27E-01
30.00	  2.24E-01
30.10	  2.20E-01
30.20	  2.17E-01
30.30	  2.14E-01
30.40	  2.11E-01
30.50	  2.08E-01
30.60	  2.05E-01
30.70	  2.02E-01
30.80	  1.99E-01
30.90	  1.96E-01
31.00	  1.93E-01
31.10	  1.90E-01
31.20	  1.87E-01
31.30	  1.84E-01
31.40	  1.82E-01
31.50	  1.79E-01
31.60	  1.76E-01
31.70	  1.73E-01
31.80	  1.71E-01
31.90	  1.68E-01
32.00	  1.66E-01
32.10	  1.63E-01
32.20	  1.61E-01
32.30	  1.58E-01
32.40	  1.56E-01
32.50	  1.53E-01
32.60	  1.51E-01
32.70	  1.49E-01
32.80	  1.47E-01
32.90	  1.44E-01
33.00	  1.42E-01
33.10	  1.40E-01
33.20	  1.38E-01
33.30	  1.36E-01
33.40	  1.33E-01
33.50	  1.31E-01
33.60	  1.29E-01
33.70	  1.27E-01
33.80	  1.25E-01
33.90	  1.23E-01
34.00	  1.21E-01
34.10	  1.19E-01
34.20	  1.18E-01
34.30	  1.16E-01
34.40	  1.14E-01
34.50	  1.12E-01
34.60	  1.10E-01
34.70	  1.09E-01
34.80	  1.07E-01
34.90	  1.05E-01
35.00	  1.04E-01
35.10	  1.02E-01
35.20	  1.00E-01
35.30	  9.86E-02
35.40	  9.70E-02
35.50	  9.55E-02
35.60	  9.40E-02
35.70	  9.24E-02
35.80	  9.10E-02
35.90	  8.95E-02
36.00	  8.80E-02
36.10	  8.66E-02
36.20	  8.52E-02
36.30	  8.38E-02
36.40	  8.25E-02
36.50	  8.11E-02
36.60	  7.98E-02
36.70	  7.85E-02
36.80	  7.72E-02
36.90	  7.60E-02
37.00	  7.47E-02
37.10	  7.35E-02
37.20	  7.23E-02
37.30	  7.11E-02
37.40	  7.00E-02
37.50	  6.88E-02
37.60	  6.77E-02
37.70	  6.66E-02
37.80	  6.55E-02
37.90	  6.44E-02
38.00	  6.33E-02
38.10	  6.23E-02
38.20	  6.12E-02
38.30	  6.02E-02
38.40	  5.92E-02
38.50	  5.82E-02
38.60	  5.73E-02
38.70	  5.63E-02
38.80	  5.54E-02
38.90	  5.45E-02
39.00	  5.36E-02
39.10	  5.27E-02
39.20	  5.18E-02
39.30	  5.09E-02
39.40	  5.01E-02
39.50	  4.92E-02
39.60	  4.84E-02
39.70	  4.76E-02
39.80	  4.68E-02
39.90	  4.60E-02
40.00	  4.52E-02
40.10	  4.44E-02
40.20	  4.37E-02
40.30	  4.30E-02
40.40	  4.22E-02
40.50	  4.15E-02
40.60	  4.08E-02
40.70	  4.01E-02
40.80	  3.94E-02
40.90	  3.88E-02
41.00	  3.81E-02
41.10	  3.75E-02
41.20	  3.68E-02
41.30	  3.62E-02
41.40	  3.56E-02
41.50	  3.50E-02
41.60	  3.44E-02
41.70	  3.38E-02
41.80	  3.32E-02
41.90	  3.26E-02
42.00	  3.21E-02
42.10	  3.15E-02
42.20	  3.10E-02
42.30	  3.04E-02
42.40	  2.99E-02
42.50	  2.94E-02
42.60	  2.89E-02
42.70	  2.84E-02
42.80	  2.79E-02
42.90	  2.74E-02
43.00	  2.70E-02
43.10	  2.65E-02
43.20	  2.60E-02
43.30	  2.56E-02
43.40	  2.51E-02
43.50	  2.47E-02
43.60	  2.43E-02
43.70	  2.39E-02
43.80	  2.34E-02
43.90	  2.30E-02
44.00	  2.26E-02
44.10	  2.22E-02
44.20	  2.18E-02
44.30	  2.15E-02
44.40	  2.11E-02
44.50	  2.07E-02
44.60	  2.04E-02
44.70	  2.00E-02
44.80	  1.97E-02
44.90	  1.93E-02
45.00	  1.90E-02
45.10	  1.86E-02
45.20	  1.83E-02
45.30	  1.80E-02
45.40	  1.77E-02
45.50	  1.74E-02
45.60	  1.71E-02
45.70	  1.68E-02
45.80	  1.65E-02
45.90	  1.62E-02
46.00	  1.59E-02
46.10	  1.56E-02
46.20	  1.53E-02
46.30	  1.51E-02
46.40	  1.48E-02
46.50	  1.45E-02
46.60	  1.43E-02
46.70	  1.40E-02
46.80	  1.38E-02
46.90	  1.35E-02
47.00	  1.33E-02
47.10	  1.31E-02
47.20	  1.28E-02
47.30	  1.26E-02
47.40	  1.24E-02
47.50	  1.21E-02
47.60	  1.19E-02
47.70	  1.17E-02
47.80	  1.15E-02
47.90	  1.13E-02
48.00	  1.11E-02
48.10	  1.09E-02
48.20	  1.07E-02
48.30	  1.05E-02
48.40	  1.03E-02
48.50	  1.01E-02
48.60	  9.97E-03
48.70	  9.79E-03
48.80	  9.61E-03
48.90	  9.44E-03
49.00	  9.27E-03
49.10	  9.11E-03
49.20	  8.94E-03
49.30	  8.78E-03
49.40	  8.62E-03
49.50	  8.47E-03
49.60	  8.32E-03
49.70	  8.17E-03
49.80	  8.02E-03
49.90	  7.88E-03
50.00	  7.73E-03
50.10	  7.59E-03
50.20	  7.46E-03
50.30	  7.32E-03
50.40	  7.19E-03
50.50	  7.06E-03
50.60	  6.93E-03
50.70	  6.81E-03
50.80	  6.68E-03
50.90	  6.56E-03
51.00	  6.44E-03
51.10	  6.33E-03
51.20	  6.21E-03
51.30	  6.10E-03
51.40	  5.99E-03
51.50	  5.88E-03
51.60	  5.78E-03
51.70	  5.67E-03
51.80	  5.57E-03
51.90	  5.47E-03
52.00	  5.37E-03
52.10	  5.27E-03
52.20	  5.17E-03
52.30	  5.08E-03
52.40	  4.99E-03
52.50	  4.90E-03
52.60	  4.81E-03
52.70	  4.72E-03
52.80	  4.63E-03
52.90	  4.55E-03
53.00	  4.47E-03
53.10	  4.38E-03
53.20	  4.30E-03
53.30	  4.23E-03
53.40	  4.15E-03
53.50	  4.07E-03
53.60	  4.00E-03
53.70	  3.92E-03
53.80	  3.85E-03
53.90	  3.78E-03
54.00	  3.71E-03
54.10	  3.65E-03
54.20	  3.58E-03
54.30	  3.51E-03
54.40	  3.45E-03
54.50	  3.39E-03
54.60	  3.32E-03
54.70	  3.26E-03
54.80	  3.20E-03
54.90	  3.14E-03
55.00	  3.09E-03
55.10	  3.03E-03
55.20	  2.97E-03
55.30	  2.92E-03
55.40	  2.86E-03
55.50	  2.81E-03
55.60	  2.76E-03
55.70	  2.71E-03
55.80	  2.66E-03
55.90	  2.61E-03
56.00	  2.56E-03
56.10	  2.51E-03
56.20	  2.47E-03
56.30	  2.42E-03
56.40	  2.38E-03
56.50	  2.33E-03
56.60	  2.29E-03
56.70	  2.25E-03
56.80	  2.21E-03
56.90	  2.17E-03
57.00	  2.13E-03
57.10	  2.09E-03
57.20	  2.05E-03
57.30	  2.01E-03
57.40	  1.97E-03
57.50	  1.94E-03
57.60	  1.90E-03
57.70	  1.87E-03
57.80	  1.83E-03
57.90	  1.80E-03
58.00	  1.76E-03
58.10	  1.73E-03
58.20	  1.70E-03
58.30	  1.67E-03
58.40	  1.64E-03
58.50	  1.61E-03
58.60	  1.58E-03
58.70	  1.55E-03
58.80	  1.52E-03
58.90	  1.49E-03
59.00	  1.46E-03
59.10	  1.43E-03
59.20	  1.41E-03
59.30	  1.38E-03
59.40	  1.36E-03
59.50	  1.33E-03
59.60	  1.31E-03
59.70	  1.28E-03
59.80	  1.26E-03
59.90	  1.23E-03
60.00	  1.21E-03
60.10	  1.19E-03
60.20	  1.17E-03
60.30	  1.14E-03
60.40	  1.12E-03
60.50	  1.10E-03
60.60	  1.08E-03
60.70	  1.06E-03
60.80	  1.04E-03
60.90	  1.02E-03
61.00	  1.00E-03
61.10	  9.84E-04
61.20	  9.66E-04
61.30	  9.48E-04
61.40	  9.30E-04
61.50	  9.12E-04
61.60	  8.95E-04
61.70	  8.79E-04
61.80	  8.62E-04
61.90	  8.46E-04
62.00	  8.30E-04
62.10	  8.15E-04
62.20	  7.99E-04
62.30	  7.84E-04
62.40	  7.70E-04
62.50	  7.55E-04
62.60	  7.41E-04
62.70	  7.27E-04
62.80	  7.13E-04
62.90	  7.00E-04
63.00	  6.87E-04
63.10	  6.74E-04
63.20	  6.61E-04
63.30	  6.49E-04
63.40	  6.37E-04
63.50	  6.25E-04
63.60	  6.13E-04
63.70	  6.01E-04
63.80	  5.90E-04
63.90	  5.79E-04
64.00	  5.68E-04
64.10	  5.57E-04
64.20	  5.47E-04
64.30	  5.36E-04
64.40	  5.26E-04
64.50	  5.16E-04
64.60	  5.07E-04
64.70	  4.97E-04
64.80	  4.88E-04
64.90	  4.78E-04
65.00	  4.69E-04
65.10	  4.61E-04
65.20	  4.52E-04
65.30	  4.43E-04
65.40	  4.35E-04
65.50	  4.27E-04
65.60	  4.19E-04
65.70	  4.11E-04
65.80	  4.03E-04
65.90	  3.95E-04
66.00	  3.88E-04
66.10	  3.81E-04
66.20	  3.73E-04
66.30	  3.66E-04
66.40	  3.59E-04
66.50	  3.53E-04
66.60	  3.46E-04
66.70	  3.39E-04
66.80	  3.33E-04
66.90	  3.27E-04
67.00	  3.20E-04
67.10	  3.14E-04
67.20	  3.08E-04
67.30	  3.03E-04
67.40	  2.97E-04
67.50	  2.91E-04
67.60	  2.86E-04
67.70	  2.80E-04
67.80	  2.75E-04
67.90	  2.70E-04
68.00	  2.65E-04
68.10	  2.60E-04
68.20	  2.55E-04
68.30	  2.50E-04
68.40	  2.45E-04
68.50	  2.40E-04
68.60	  2.36E-04
68.70	  2.31E-04
68.80	  2.27E-04
68.90	  2.23E-04
69.00	  2.18E-04
69.10	  2.14E-04
69.20	  2.10E-04
69.30	  2.06E-04
69.40	  2.02E-04
69.50	  1.98E-04
69.60	  1.95E-04
69.70	  1.91E-04
69.80	  1.87E-04
69.90	  1.84E-04
70.00	  1.80E-04
70.10	  1.77E-04
70.20	  1.73E-04
70.30	  1.70E-04
70.40	  1.67E-04
70.50	  1.64E-04
70.60	  1.61E-04
70.70	  1.57E-04
70.80	  1.54E-04
70.90	  1.52E-04
71.00	  1.49E-04
71.10	  1.46E-04
71.20	  1.43E-04
71.30	  1.40E-04
71.40	  1.38E-04
71.50	  1.35E-04
71.60	  1.32E-04
71.70	  1.30E-04
71.80	  1.27E-04
71.90	  1.25E-04
72.00	  1.23E-04
72.10	  1.20E-04
72.20	  1.18E-04
72.30	  1.16E-04
72.40	  1.13E-04
72.50	  1.11E-04
72.60	  1.09E-04
72.70	  1.07E-04
72.80	  1.05E-04
72.90	  1.03E-04
73.00	  1.01E-04
73.10	  9.91E-05
73.20	  9.72E-05
73.30	  9.53E-05
73.40	  9.35E-05
73.50	  9.17E-05
73.60	  9.00E-05
73.70	  8.82E-05
73.80	  8.66E-05
73.90	  8.49E-05
74.00	  8.33E-05
74.10	  8.17E-05
74.20	  8.01E-05
74.30	  7.86E-05
74.40	  7.71E-05
74.50	  7.56E-05
74.60	  7.41E-05
74.70	  7.27E-05
74.80	  7.13E-05
74.90	  7.00E-05
75.00	  6.86E-05
75.10	  6.73E-05
75.20	  6.60E-05
75.30	  6.47E-05
75.40	  6.35E-05
75.50	  6.23E-05
75.60	  6.11E-05
75.70	  5.99E-05
75.80	  5.88E-05
75.90	  5.76E-05
76.00	  5.65E-05
76.10	  5.54E-05
76.20	  5.44E-05
76.30	  5.33E-05
76.40	  5.23E-05
76.50	  5.13E-05
76.60	  5.03E-05
76.70	  4.93E-05
76.80	  4.84E-05
76.90	  4.75E-05
77.00	  4.65E-05
77.10	  4.56E-05
77.20	  4.48E-05
77.30	  4.39E-05
77.40	  4.31E-05
77.50	  4.22E-05
77.60	  4.14E-05
77.70	  4.06E-05
77.80	  3.98E-05
77.90	  3.91E-05
78.00	  3.83E-05
78.10	  3.76E-05
78.20	  3.69E-05
78.30	  3.61E-05
78.40	  3.55E-05
78.50	  3.48E-05
78.60	  3.41E-05
78.70	  3.34E-05
78.80	  3.28E-05
78.90	  3.22E-05
79.00	  3.15E-05
79.10	  3.09E-05
79.20	  3.03E-05
79.30	  2.98E-05
79.40	  2.92E-05
79.50	  2.86E-05
79.60	  2.81E-05
79.70	  2.75E-05
79.80	  2.70E-05
79.90	  2.65E-05
80.00	  2.60E-05
80.10	  2.55E-05
80.20	  2.50E-05
80.30	  2.45E-05
80.40	  2.40E-05
80.50	  2.35E-05
80.60	  2.31E-05
80.70	  2.26E-05
80.80	  2.22E-05
80.90	  2.18E-05
81.00	  2.14E-05
81.10	  2.09E-05
81.20	  2.05E-05
81.30	  2.01E-05
81.40	  1.98E-05
81.50	  1.94E-05
81.60	  1.90E-05
81.70	  1.86E-05
81.80	  1.83E-05
81.90	  1.79E-05
82.00	  1.76E-05
82.10	  1.72E-05
82.20	  1.69E-05
82.30	  1.66E-05
82.40	  1.63E-05
82.50	  1.59E-05
82.60	  1.56E-05
82.70	  1.53E-05
82.80	  1.50E-05
82.90	  1.47E-05
83.00	  1.45E-05
83.10	  1.42E-05
83.20	  1.39E-05
83.30	  1.36E-05
83.40	  1.34E-05
83.50	  1.31E-05
83.60	  1.29E-05
83.70	  1.26E-05
83.80	  1.24E-05
83.90	  1.21E-05
84.00	  1.19E-05
84.10	  1.17E-05
84.20	  1.14E-05
84.30	  1.12E-05
84.40	  1.10E-05
84.50	  1.08E-05
84.60	  1.06E-05
84.70	  1.04E-05
84.80	  1.02E-05
84.90	  9.96E-06
85.00	  9.77E-06
85.10	  9.58E-06
85.20	  9.40E-06
85.30	  9.21E-06
85.40	  9.04E-06
85.50	  8.86E-06
85.60	  8.69E-06
85.70	  8.52E-06
85.80	  8.35E-06
85.90	  8.19E-06
86.00	  8.03E-06
86.10	  7.88E-06
86.20	  7.72E-06
86.30	  7.57E-06
86.40	  7.43E-06
86.50	  7.28E-06
86.60	  7.14E-06
86.70	  7.00E-06
86.80	  6.87E-06
86.90	  6.73E-06
87.00	  6.60E-06
87.10	  6.47E-06
87.20	  6.35E-06
87.30	  6.22E-06
87.40	  6.10E-06
87.50	  5.99E-06
87.60	  5.87E-06
87.70	  5.75E-06
87.80	  5.64E-06
87.90	  5.53E-06
88.00	  5.43E-06
88.10	  5.32E-06
88.20	  5.22E-06
88.30	  5.12E-06
88.40	  5.02E-06
88.50	  4.92E-06
88.60	  4.82E-06
88.70	  4.73E-06
88.80	  4.64E-06
88.90	  4.55E-06
89.00	  4.46E-06
89.10	  4.37E-06
89.20	  4.29E-06
89.30	  4.20E-06
89.40	  4.12E-06
89.50	  4.04E-06
89.60	  3.96E-06
89.70	  3.89E-06
89.80	  3.81E-06
89.90	  3.74E-06
90.00	  3.66E-06
90.10	  3.59E-06
90.20	  3.52E-06
90.30	  3.45E-06
90.40	  3.39E-06
90.50	  3.32E-06
90.60	  3.25E-06
90.70	  3.19E-06
90.80	  3.13E-06
90.90	  3.07E-06
91.00	  3.01E-06
91.10	  2.95E-06
91.20	  2.89E-06
91.30	  2.84E-06
91.40	  2.78E-06
91.50	  2.73E-06
91.60	  2.67E-06
91.70	  2.62E-06
91.80	  2.57E-06
91.90	  2.52E-06
92.00	  2.47E-06
92.10	  2.42E-06
92.20	  2.38E-06
92.30	  2.33E-06
92.40	  2.28E-06
92.50	  2.24E-06
92.60	  2.20E-06
92.70	  2.15E-06
92.80	  2.11E-06
92.90	  2.07E-06
93.00	  2.03E-06
93.10	  1.99E-06
93.20	  1.95E-06
93.30	  1.91E-06
93.40	  1.88E-06
93.50	  1.84E-06
93.60	  1.80E-06
93.70	  1.77E-06
93.80	  1.73E-06
93.90	  1.70E-06
94.00	  1.67E-06
94.10	  1.63E-06
94.20	  1.60E-06
94.30	  1.57E-06
94.40	  1.54E-06
94.50	  1.51E-06
94.60	  1.48E-06
94.70	  1.45E-06
94.80	  1.42E-06
94.90	  1.40E-06
95.00	  1.37E-06
95.10	  1.34E-06
95.20	  1.31E-06
95.30	  1.29E-06
95.40	  1.26E-06
95.50	  1.24E-06
95.60	  1.22E-06
95.70	  1.19E-06
95.80	  1.17E-06
95.90	  1.15E-06
96.00	  1.12E-06
96.10	  1.10E-06
96.20	  1.08E-06
96.30	  1.06E-06
96.40	  1.04E-06
96.50	  1.02E-06
96.60	  9.97E-07
96.70	  9.78E-07
96.80	  9.59E-07
96.90	  9.40E-07
97.00	  9.22E-07
97.10	  9.04E-07
97.20	  8.86E-07
97.30	  8.69E-07
97.40	  8.52E-07
97.50	  8.35E-07
97.60	  8.19E-07
97.70	  8.03E-07
97.80	  7.87E-07
97.90	  7.72E-07
98.00	  7.56E-07
98.10	  7.42E-07
98.20	  7.27E-07
98.30	  7.13E-07
98.40	  6.99E-07
98.50	  6.85E-07
98.60	  6.72E-07
98.70	  6.59E-07
98.80	  6.46E-07
98.90	  6.33E-07
99.00	  6.21E-07
99.10	  6.09E-07
99.20	  5.97E-07
99.30	  5.85E-07
99.40	  5.74E-07
99.50	  5.62E-07
99.60	  5.51E-07
99.70	  5.41E-07
99.80	  5.30E-07
99.90	  5.20E-07
100.00	  5.09E-07
100.10	  4.99E-07
100.20	  4.90E-07
100.30	  4.80E-07
100.40	  4.71E-07
100.50	  4.61E-07
100.60	  4.52E-07
100.70	  4.43E-07
100.80	  4.35E-07
100.90	  4.26E-07
101.00	  4.18E-07
101.10	  4.10E-07
101.20	  4.02E-07
101.30	  3.94E-07
101.40	  3.86E-07
101.50	  3.79E-07
101.60	  3.71E-07
101.70	  3.64E-07
101.80	  3.57E-07
101.90	  3.50E-07
102.00	  3.43E-07
102.10	  3.36E-07
102.20	  3.30E-07
102.30	  3.23E-07
102.40	  3.17E-07
102.50	  3.11E-07
102.60	  3.04E-07
102.70	  2.98E-07
102.80	  2.93E-07
102.90	  2.87E-07
103.00	  2.81E-07
103.10	  2.76E-07
103.20	  2.70E-07
103.30	  2.65E-07
103.40	  2.60E-07
103.50	  2.55E-07
103.60	  2.50E-07
103.70	  2.45E-07
103.80	  2.40E-07
103.90	  2.35E-07
104.00	  2.31E-07
104.10	  2.26E-07
104.20	  2.22E-07
104.30	  2.17E-07
104.40	  2.13E-07
104.50	  2.09E-07
104.60	  2.05E-07
104.70	  2.01E-07
104.80	  1.97E-07
104.90	  1.93E-07
105.00	  1.89E-07
105.10	  1.85E-07
105.20	  1.82E-07
105.30	  1.78E-07
105.40	  1.75E-07
105.50	  1.71E-07
105.60	  1.68E-07
105.70	  1.65E-07
105.80	  1.61E-07
105.90	  1.58E-07
106.00	  1.55E-07
106.10	  1.52E-07
106.20	  1.49E-07
106.30	  1.46E-07
106.40	  1.43E-07
106.50	  1.41E-07
106.60	  1.38E-07
106.70	  1.35E-07
106.80	  1.32E-07
106.90	  1.30E-07
107.00	  1.27E-07
107.10	  1.25E-07
107.20	  1.22E-07
107.30	  1.20E-07
107.40	  1.18E-07
107.50	  1.15E-07
107.60	  1.13E-07
107.70	  1.11E-07
107.80	  1.09E-07
107.90	  1.06E-07
108.00	  1.04E-07
108.10	  1.02E-07
108.20	  1.00E-07
108.30	  9.83E-08
108.40	  9.64E-08
108.50	  9.45E-08
108.60	  9.26E-08
108.70	  9.08E-08
108.80	  8.90E-08
108.90	  8.73E-08
109.00	  8.55E-08
109.10	  8.39E-08
109.20	  8.22E-08
109.30	  8.06E-08
109.40	  7.90E-08
109.50	  7.75E-08
109.60	  7.59E-08
109.70	  7.44E-08
109.80	  7.30E-08
109.90	  7.15E-08
110.00	  7.01E-08
110.10	  6.88E-08
110.20	  6.74E-08
110.30	  6.61E-08
110.40	  6.48E-08
110.50	  6.35E-08
110.60	  6.23E-08
110.70	  6.10E-08
110.80	  5.98E-08
110.90	  5.86E-08
111.00	  5.75E-08
111.10	  5.64E-08
111.20	  5.53E-08
111.30	  5.42E-08
111.40	  5.31E-08
111.50	  5.21E-08
111.60	  5.10E-08
111.70	  5.00E-08
111.80	  4.90E-08
111.90	  4.81E-08
112.00	  4.71E-08
112.10	  4.62E-08
112.20	  4.53E-08
112.30	  4.44E-08
112.40	  4.35E-08
112.50	  4.27E-08
112.60	  4.18E-08
112.70	  4.10E-08
112.80	  4.02E-08
112.90	  3.94E-08
113.00	  3.86E-08
113.10	  3.79E-08
113.20	  3.71E-08
113.30	  3.64E-08
113.40	  3.57E-08
113.50	  3.50E-08
113.60	  3.43E-08
113.70	  3.36E-08
113.80	  3.29E-08
113.90	  3.23E-08
114.00	  3.17E-08
114.10	  3.10E-08
114.20	  3.04E-08
114.30	  2.98E-08
114.40	  2.92E-08
114.50	  2.87E-08
114.60	  2.81E-08
114.70	  2.75E-08
114.80	  2.70E-08
114.90	  2.65E-08
115.00	  2.59E-08
115.10	  2.54E-08
115.20	  2.49E-08
115.30	  2.44E-08
115.40	  2.40E-08
115.50	  2.35E-08
115.60	  2.30E-08
115.70	  2.26E-08
115.80	  2.21E-08
115.90	  2.17E-08
116.00	  2.13E-08
116.10	  2.08E-08
116.20	  2.04E-08
116.30	  2.00E-08
116.40	  1.96E-08
116.50	  1.93E-08
116.60	  1.89E-08
116.70	  1.85E-08
116.80	  1.81E-08
116.90	  1.78E-08
117.00	  1.74E-08
117.10	  1.71E-08
117.20	  1.67E-08
117.30	  1.64E-08
117.40	  1.61E-08
117.50	  1.58E-08
117.60	  1.55E-08
117.70	  1.52E-08
117.80	  1.49E-08
117.90	  1.46E-08
118.00	  1.43E-08
118.10	  1.40E-08
118.20	  1.37E-08
118.30	  1.35E-08
118.40	  1.32E-08
118.50	  1.29E-08
118.60	  1.27E-08
118.70	  1.24E-08
118.80	  1.22E-08
118.90	  1.19E-08
119.00	  1.17E-08
119.10	  1.15E-08
119.20	  1.12E-08
119.30	  1.10E-08
119.40	  1.08E-08
119.50	  1.06E-08
119.60	  1.04E-08
119.70	  1.02E-08
119.80	  9.98E-09
119.90	  9.78E-09
120.00	  9.59E-09
120.10	  9.40E-09
120.20	  9.21E-09
120.30	  9.03E-09
120.40	  8.85E-09
120.50	  8.68E-09
120.60	  8.51E-09
120.70	  8.34E-09
120.80	  8.17E-09
120.90	  8.01E-09
121.00	  7.85E-09
121.10	  7.70E-09
121.20	  7.55E-09
121.30	  7.40E-09
121.40	  7.25E-09
121.50	  7.11E-09
121.60	  6.97E-09
121.70	  6.83E-09
121.80	  6.70E-09
121.90	  6.56E-09
122.00	  6.43E-09
122.10	  6.31E-09
122.20	  6.18E-09
122.30	  6.06E-09
122.40	  5.94E-09
122.50	  5.82E-09
122.60	  5.71E-09
122.70	  5.60E-09
122.80	  5.49E-09
122.90	  5.38E-09
123.00	  5.27E-09
123.10	  5.17E-09
123.20	  5.07E-09
123.30	  4.97E-09
123.40	  4.87E-09
123.50	  4.77E-09
123.60	  4.68E-09
123.70	  4.58E-09
123.80	  4.49E-09
123.90	  4.41E-09
124.00	  4.32E-09
124.10	  4.23E-09
124.20	  4.15E-09
124.30	  4.07E-09
124.40	  3.99E-09
124.50	  3.91E-09
124.60	  3.83E-09
124.70	  3.76E-09
124.80	  3.68E-09
124.90	  3.61E-09
125.00	  3.54E-09
125.10	  3.47E-09
125.20	  3.40E-09
125.30	  3.33E-09
125.40	  3.27E-09
125.50	  3.20E-09
125.60	  3.14E-09
125.70	  3.08E-09
125.80	  3.02E-09
125.90	  2.96E-09
126.00	  2.90E-09
126.10	  2.84E-09
126.20	  2.78E-09
126.30	  2.73E-09
126.40	  2.67E-09
126.50	  2.62E-09
126.60	  2.57E-09
126.70	  2.52E-09
126.80	  2.47E-09
126.90	  2.42E-09
127.00	  2.37E-09
127.10	  2.33E-09
127.20	  2.28E-09
127.30	  2.24E-09
127.40	  2.19E-09
127.50	  2.15E-09
127.60	  2.11E-09
127.70	  2.06E-09
127.80	  2.02E-09
127.90	  1.98E-09
128.00	  1.94E-09
128.10	  1.91E-09
128.20	  1.87E-09
128.30	  1.83E-09
128.40	  1.79E-09
128.50	  1.76E-09
128.60	  1.72E-09
128.70	  1.69E-09
128.80	  1.66E-09
128.90	  1.62E-09
129.00	  1.59E-09
129.10	  1.56E-09
129.20	  1.53E-09
129.30	  1.50E-09
129.40	  1.47E-09
129.50	  1.44E-09
129.60	  1.41E-09
129.70	  1.38E-09
129.80	  1.36E-09
129.90	  1.33E-09
130.00	  1.30E-09
130.10	  1.28E-09
130.20	  1.25E-09
130.30	  1.23E-09
130.40	  1.20E-09
130.50	  1.18E-09
130.60	  1.16E-09
130.70	  1.13E-09
130.80	  1.11E-09
130.90	  1.09E-09
131.00	  1.07E-09
131.10	  1.05E-09
131.20	  1.03E-09
131.30	  1.01E-09
131.40	  9.86E-10
131.50	  9.66E-10
131.60	  9.47E-10
131.70	  9.28E-10
131.80	  9.10E-10
131.90	  8.92E-10
132.00	  8.74E-10
132.10	  8.57E-10
132.20	  8.40E-10
132.30	  8.23E-10
132.40	  8.07E-10
132.50	  7.91E-10
132.60	  7.75E-10
132.70	  7.60E-10
132.80	  7.45E-10
132.90	  7.30E-10
133.00	  7.16E-10
133.10	  7.02E-10
133.20	  6.88E-10
133.30	  6.74E-10
133.40	  6.61E-10
133.50	  6.48E-10
133.60	  6.35E-10
133.70	  6.22E-10
133.80	  6.10E-10
133.90	  5.98E-10
134.00	  5.86E-10
134.10	  5.75E-10
134.20	  5.63E-10
134.30	  5.52E-10
134.40	  5.41E-10
134.50	  5.30E-10
134.60	  5.20E-10
134.70	  5.10E-10
134.80	  5.00E-10
134.90	  4.90E-10
135.00	  4.80E-10
135.10	  4.70E-10
135.20	  4.61E-10
135.30	  4.52E-10
135.40	  4.43E-10
135.50	  4.34E-10
135.60	  4.26E-10
135.70	  4.17E-10
135.80	  4.09E-10
135.90	  4.01E-10
136.00	  3.93E-10
136.10	  3.85E-10
136.20	  3.78E-10
136.30	  3.70E-10
136.40	  3.63E-10
136.50	  3.56E-10
136.60	  3.49E-10
136.70	  3.42E-10
136.80	  3.35E-10
136.90	  3.28E-10
137.00	  3.22E-10
137.10	  3.15E-10
137.20	  3.09E-10
137.30	  3.03E-10
137.40	  2.97E-10
137.50	  2.91E-10
137.60	  2.85E-10
137.70	  2.80E-10
137.80	  2.74E-10
137.90	  2.69E-10
138.00	  2.63E-10
138.10	  2.58E-10
138.20	  2.53E-10
138.30	  2.48E-10
138.40	  2.43E-10
138.50	  2.38E-10
138.60	  2.34E-10
138.70	  2.29E-10
138.80	  2.24E-10
138.90	  2.20E-10
139.00	  2.16E-10
139.10	  2.11E-10
139.20	  2.07E-10
139.30	  2.03E-10
139.40	  1.99E-10
139.50	  1.95E-10
139.60	  1.91E-10
139.70	  1.88E-10
139.80	  1.84E-10
139.90	  1.80E-10
140.00	  1.77E-10
140.10	  1.73E-10
140.20	  1.70E-10
140.30	  1.66E-10
140.40	  1.63E-10
140.50	  1.60E-10
140.60	  1.57E-10
140.70	  1.54E-10
140.80	  1.50E-10
140.90	  1.47E-10
141.00	  1.45E-10
141.10	  1.42E-10
141.20	  1.39E-10
141.30	  1.36E-10
141.40	  1.33E-10
141.50	  1.31E-10
141.60	  1.28E-10
141.70	  1.26E-10
141.80	  1.23E-10
141.90	  1.21E-10
142.00	  1.18E-10
142.10	  1.16E-10
142.20	  1.14E-10
142.30	  1.11E-10
142.40	  1.09E-10
142.50	  1.07E-10
142.60	  1.05E-10
142.70	  1.03E-10
142.80	  1.01E-10
142.90	  9.88E-11
143.00	  9.69E-11
143.10	  9.50E-11
143.20	  9.31E-11
143.30	  9.12E-11
143.40	  8.94E-11
143.50	  8.77E-11
143.60	  8.59E-11
143.70	  8.42E-11
143.80	  8.25E-11
143.90	  8.09E-11
144.00	  7.93E-11
144.10	  7.77E-11
144.20	  7.62E-11
144.30	  7.47E-11
144.40	  7.32E-11
144.50	  7.18E-11
144.60	  7.03E-11
144.70	  6.89E-11
144.80	  6.76E-11
144.90	  6.62E-11
145.00	  6.49E-11
145.10	  6.36E-11
145.20	  6.24E-11
145.30	  6.11E-11
145.40	  5.99E-11
145.50	  5.87E-11
145.60	  5.76E-11
145.70	  5.64E-11
145.80	  5.53E-11
145.90	  5.42E-11
146.00	  5.31E-11
146.10	  5.21E-11
146.20	  5.11E-11
146.30	  5.00E-11
146.40	  4.90E-11
146.50	  4.81E-11
146.60	  4.71E-11
146.70	  4.62E-11
146.80	  4.53E-11
146.90	  4.44E-11
147.00	  4.35E-11
147.10	  4.26E-11
147.20	  4.18E-11
147.30	  4.10E-11
147.40	  4.01E-11
147.50	  3.94E-11
147.60	  3.86E-11
147.70	  3.78E-11
147.80	  3.71E-11
147.90	  3.63E-11
148.00	  3.56E-11
148.10	  3.49E-11
148.20	  3.42E-11
148.30	  3.35E-11
148.40	  3.29E-11
148.50	  3.22E-11
148.60	  3.16E-11
148.70	  3.09E-11
148.80	  3.03E-11
148.90	  2.97E-11
149.00	  2.91E-11
149.10	  2.86E-11
149.20	  2.80E-11
149.30	  2.74E-11
149.40	  2.69E-11
149.50	  2.64E-11
149.60	  2.58E-11
149.70	  2.53E-11
149.80	  2.48E-11
149.90	  2.43E-11
150.00	  2.39E-11
150.10	  2.34E-11
150.20	  2.29E-11
150.30	  2.25E-11
150.40	  2.20E-11
150.50	  2.16E-11
150.60	  2.11E-11
150.70	  2.07E-11
150.80	  2.03E-11
150.90	  1.99E-11
151.00	  1.95E-11
151.10	  1.91E-11
151.20	  1.88E-11
151.30	  1.84E-11
151.40	  1.80E-11
151.50	  1.77E-11
151.60	  1.73E-11
151.70	  1.70E-11
151.80	  1.66E-11
151.90	  1.63E-11
152.00	  1.60E-11
152.10	  1.57E-11
152.20	  1.53E-11
152.30	  1.50E-11
152.40	  1.47E-11
152.50	  1.45E-11
152.60	  1.42E-11
152.70	  1.39E-11
152.80	  1.36E-11
152.90	  1.33E-11
153.00	  1.31E-11
153.10	  1.28E-11
153.20	  1.26E-11
153.30	  1.23E-11
153.40	  1.21E-11
153.50	  1.18E-11
153.60	  1.16E-11
153.70	  1.14E-11
153.80	  1.11E-11
153.90	  1.09E-11
154.00	  1.07E-11
154.10	  1.05E-11
154.20	  1.03E-11
154.30	  1.01E-11
154.40	  9.88E-12
154.50	  9.68E-12
154.60	  9.49E-12
154.70	  9.30E-12
154.80	  9.12E-12
154.90	  8.94E-12
155.00	  8.76E-12
155.10	  8.58E-12
155.20	  8.41E-12
155.30	  8.25E-12
155.40	  8.08E-12
155.50	  7.92E-12
155.60	  7.77E-12
155.70	  7.61E-12
155.80	  7.46E-12
155.90	  7.31E-12
156.00	  7.17E-12
156.10	  7.03E-12
156.20	  6.89E-12
156.30	  6.75E-12
156.40	  6.62E-12
156.50	  6.48E-12
156.60	  6.36E-12
156.70	  6.23E-12
156.80	  6.11E-12
156.90	  5.98E-12
157.00	  5.87E-12
157.10	  5.75E-12
157.20	  5.64E-12
157.30	  5.52E-12
157.40	  5.41E-12
157.50	  5.31E-12
157.60	  5.20E-12
157.70	  5.10E-12
157.80	  5.00E-12
157.90	  4.90E-12
158.00	  4.80E-12
158.10	  4.71E-12
158.20	  4.61E-12
158.30	  4.52E-12
158.40	  4.43E-12
158.50	  4.34E-12
158.60	  4.26E-12
158.70	  4.17E-12
158.80	  4.09E-12
158.90	  4.01E-12
159.00	  3.93E-12
159.10	  3.85E-12
159.20	  3.77E-12
159.30	  3.70E-12
159.40	  3.63E-12
159.50	  3.55E-12
159.60	  3.48E-12
159.70	  3.41E-12
159.80	  3.35E-12
159.90	  3.28E-12
160.00	  3.21E-12
160.10	  3.15E-12
160.20	  3.09E-12
160.30	  3.03E-12
160.40	  2.97E-12
160.50	  2.91E-12
160.60	  2.85E-12
160.70	  2.79E-12
160.80	  2.74E-12
160.90	  2.68E-12
161.00	  2.63E-12
161.10	  2.58E-12
161.20	  2.53E-12
161.30	  2.48E-12
161.40	  2.43E-12
161.50	  2.38E-12
161.60	  2.33E-12
161.70	  2.29E-12
161.80	  2.24E-12
161.90	  2.20E-12
162.00	  2.15E-12
162.10	  2.11E-12
162.20	  2.07E-12
162.30	  2.03E-12
162.40	  1.99E-12
162.50	  1.95E-12
162.60	  1.91E-12
162.70	  1.87E-12
162.80	  1.83E-12
162.90	  1.80E-12
163.00	  1.76E-12
163.10	  1.73E-12
163.20	  1.69E-12
163.30	  1.66E-12
163.40	  1.63E-12
163.50	  1.59E-12
163.60	  1.56E-12
163.70	  1.53E-12
163.80	  1.50E-12
163.90	  1.47E-12
164.00	  1.44E-12
164.10	  1.41E-12
164.20	  1.38E-12
164.30	  1.36E-12
164.40	  1.33E-12
164.50	  1.30E-12
164.60	  1.28E-12
164.70	  1.25E-12
164.80	  1.23E-12
164.90	  1.20E-12
165.00	  1.18E-12
165.10	  1.16E-12
165.20	  1.13E-12
165.30	  1.11E-12
165.40	  1.09E-12
165.50	  1.07E-12
165.60	  1.05E-12
165.70	  1.03E-12
165.80	  1.00E-12
165.90	  9.85E-13
166.00	  9.65E-13
166.10	  9.46E-13
166.20	  9.27E-13
166.30	  9.09E-13
166.40	  8.91E-13
166.50	  8.73E-13
166.60	  8.56E-13
166.70	  8.39E-13
166.80	  8.22E-13
166.90	  8.06E-13
167.00	  7.90E-13
167.10	  7.74E-13
167.20	  7.59E-13
167.30	  7.44E-13
167.40	  7.29E-13
167.50	  7.14E-13
167.60	  7.00E-13
167.70	  6.86E-13
167.80	  6.73E-13
167.90	  6.59E-13
168.00	  6.46E-13
168.10	  6.33E-13
168.20	  6.21E-13
168.30	  6.08E-13
168.40	  5.96E-13
168.50	  5.85E-13
168.60	  5.73E-13
168.70	  5.62E-13
168.80	  5.50E-13
168.90	  5.39E-13
169.00	  5.29E-13
169.10	  5.18E-13
169.20	  5.08E-13
169.30	  4.98E-13
169.40	  4.88E-13
169.50	  4.78E-13
169.60	  4.69E-13
169.70	  4.59E-13
169.80	  4.50E-13
169.90	  4.41E-13
170.00	  4.33E-13
170.10	  4.24E-13
170.20	  4.16E-13
170.30	  4.07E-13
170.40	  3.99E-13
170.50	  3.91E-13
170.60	  3.84E-13
170.70	  3.76E-13
170.80	  3.68E-13
170.90	  3.61E-13
171.00	  3.54E-13
171.10	  3.47E-13
171.20	  3.40E-13
171.30	  3.33E-13
171.40	  3.27E-13
171.50	  3.20E-13
171.60	  3.14E-13
171.70	  3.08E-13
171.80	  3.01E-13
171.90	  2.95E-13
172.00	  2.90E-13
172.10	  2.84E-13
172.20	  2.78E-13
172.30	  2.73E-13
172.40	  2.67E-13
172.50	  2.62E-13
172.60	  2.57E-13
172.70	  2.52E-13
172.80	  2.47E-13
172.90	  2.42E-13
173.00	  2.37E-13
173.10	  2.32E-13
173.20	  2.28E-13
173.30	  2.23E-13
173.40	  2.19E-13
173.50	  2.14E-13
173.60	  2.10E-13
173.70	  2.06E-13
173.80	  2.02E-13
173.90	  1.98E-13
174.00	  1.94E-13
174.10	  1.90E-13
174.20	  1.86E-13
174.30	  1.83E-13
174.40	  1.79E-13
174.50	  1.75E-13
174.60	  1.72E-13
174.70	  1.68E-13
174.80	  1.65E-13
174.90	  1.62E-13
175.00	  1.59E-13
175.10	  1.55E-13
175.20	  1.52E-13
175.30	  1.49E-13
175.40	  1.46E-13
175.50	  1.43E-13
175.60	  1.41E-13
175.70	  1.38E-13
175.80	  1.35E-13
175.90	  1.32E-13
176.00	  1.30E-13
176.10	  1.27E-13
176.20	  1.25E-13
176.30	  1.22E-13
176.40	  1.20E-13
176.50	  1.17E-13
176.60	  1.15E-13
176.70	  1.13E-13
176.80	  1.11E-13
176.90	  1.08E-13
177.00	  1.06E-13
177.10	  1.04E-13
177.20	  1.02E-13
177.30	  1.00E-13
177.40	  9.80E-14
177.50	  9.61E-14
177.60	  9.41E-14
177.70	  9.23E-14
177.80	  9.04E-14
177.90	  8.86E-14
178.00	  8.69E-14
178.10	  8.52E-14
178.20	  8.35E-14
178.30	  8.18E-14
178.40	  8.02E-14
178.50	  7.86E-14
178.60	  7.70E-14
178.70	  7.55E-14
178.80	  7.40E-14
178.90	  7.25E-14
179.00	  7.11E-14
179.10	  6.97E-14
179.20	  6.83E-14
179.30	  6.69E-14
179.40	  6.56E-14
179.50	  6.43E-14
179.60	  6.30E-14
179.70	  6.18E-14
179.80	  6.05E-14
179.90	  5.93E-14
