# E (keV) Intensity
0.10	  4.16E-49
0.20	  1.04E-33
0.30	  6.82E-27
0.40	  7.88E-23
0.50	  4.65E-20
0.60	  5.16E-18
0.70	  2.00E-16
0.80	  3.80E-15
0.90	  4.36E-14
1.00	  3.43E-13
1.10	  2.02E-12
1.20	  9.45E-12
1.30	  3.69E-11
1.40	  1.24E-10
1.50	  3.68E-10
1.60	  9.84E-10
1.70	  2.41E-09
1.80	  5.45E-09
1.90	  1.16E-08
2.00	  2.32E-08
2.10	  4.40E-08
2.20	  8.01E-08
2.30	  1.40E-07
2.40	  2.36E-07
2.50	  3.85E-07
2.60	  6.11E-07
2.70	  9.43E-07
2.80	  1.42E-06
2.90	  2.10E-06
3.00	  3.03E-06
3.10	  4.31E-06
3.20	  6.01E-06
3.30	  8.25E-06
3.40	  1.12E-05
3.50	  1.49E-05
3.60	  1.97E-05
3.70	  2.57E-05
3.80	  3.31E-05
3.90	  4.23E-05
4.00	  5.34E-05
4.10	  6.70E-05
4.20	  8.32E-05
4.30	  1.03E-04
4.40	  1.26E-04
4.50	  1.53E-04
4.60	  1.84E-04
4.70	  2.21E-04
4.80	  2.63E-04
4.90	  3.12E-04
5.00	  3.68E-04
5.10	  4.31E-04
5.20	  5.03E-04
5.30	  5.85E-04
5.40	  6.77E-04
5.50	  7.79E-04
5.60	  8.94E-04
5.70	  1.02E-03
5.80	  1.16E-03
5.90	  1.32E-03
6.00	  1.49E-03
6.10	  1.68E-03
6.20	  1.89E-03
6.30	  2.11E-03
6.40	  2.36E-03
6.50	  2.63E-03
6.60	  2.92E-03
6.70	  3.23E-03
6.80	  3.57E-03
6.90	  3.94E-03
7.00	  4.33E-03
7.10	  4.76E-03
7.20	  5.21E-03
7.30	  5.69E-03
7.40	  6.21E-03
7.50	  6.76E-03
7.60	  7.35E-03
7.70	  7.97E-03
7.80	  8.63E-03
7.90	  9.33E-03
8.00	  1.01E-02
8.10	  1.08E-02
8.20	  1.17E-02
8.30	  1.25E-02
8.40	  1.34E-02
8.50	  1.44E-02
8.60	  1.54E-02
8.70	  1.65E-02
8.80	  1.76E-02
8.90	  1.87E-02
9.00	  1.99E-02
9.10	  2.12E-02
9.20	  2.25E-02
9.30	  2.38E-02
9.40	  2.53E-02
9.50	  2.67E-02
9.60	  2.83E-02
9.70	  2.98E-02
9.80	  3.15E-02
9.90	  3.32E-02
10.00	  3.50E-02
10.10	  3.68E-02
10.20	  3.87E-02
10.30	  4.06E-02
10.40	  4.26E-02
10.50	  4.47E-02
10.60	  4.68E-02
10.70	  4.90E-02
10.80	  5.13E-02
10.90	  5.36E-02
11.00	  5.60E-02
11.10	  5.85E-02
11.20	  6.10E-02
11.30	  6.36E-02
11.40	  6.63E-02
11.50	  6.90E-02
11.60	  7.18E-02
11.70	  7.46E-02
11.80	  7.75E-02
11.90	  8.05E-02
12.00	  8.36E-02
12.10	  8.67E-02
12.20	  8.98E-02
12.30	  9.31E-02
12.40	  9.64E-02
12.50	  9.98E-02
12.60	  1.03E-01
12.70	  1.07E-01
12.80	  1.10E-01
12.90	  1.14E-01
13.00	  1.18E-01
13.10	  1.21E-01
13.20	  1.25E-01
13.30	  1.29E-01
13.40	  1.33E-01
13.50	  1.37E-01
13.60	  1.41E-01
13.70	  1.45E-01
13.80	  1.49E-01
13.90	  1.54E-01
14.00	  1.58E-01
14.10	  1.62E-01
14.20	  1.67E-01
14.30	  1.71E-01
14.40	  1.76E-01
14.50	  1.80E-01
14.60	  1.85E-01
14.70	  1.89E-01
14.80	  1.94E-01
14.90	  1.99E-01
15.00	  2.04E-01
15.10	  2.09E-01
15.20	  2.14E-01
15.30	  2.19E-01
15.40	  2.24E-01
15.50	  2.29E-01
15.60	  2.34E-01
15.70	  2.39E-01
15.80	  2.44E-01
15.90	  2.49E-01
16.00	  2.55E-01
16.10	  2.60E-01
16.20	  2.65E-01
16.30	  2.71E-01
16.40	  2.76E-01
16.50	  2.81E-01
16.60	  2.87E-01
16.70	  2.92E-01
16.80	  2.98E-01
16.90	  3.03E-01
17.00	  3.09E-01
17.10	  3.15E-01
17.20	  3.20E-01
17.30	  3.26E-01
17.40	  3.32E-01
17.50	  3.37E-01
17.60	  3.43E-01
17.70	  3.49E-01
17.80	  3.55E-01
17.90	  3.61E-01
18.00	  3.66E-01
18.10	  3.72E-01
18.20	  3.78E-01
18.30	  3.84E-01
18.40	  3.90E-01
18.50	  3.96E-01
18.60	  4.02E-01
18.70	  4.07E-01
18.80	  4.13E-01
18.90	  4.19E-01
19.00	  4.25E-01
19.10	  4.31E-01
19.20	  4.37E-01
19.30	  4.43E-01
19.40	  4.49E-01
19.50	  4.55E-01
19.60	  4.61E-01
19.70	  4.67E-01
19.80	  4.73E-01
19.90	  4.79E-01
20.00	  4.85E-01
20.10	  4.91E-01
20.20	  4.97E-01
20.30	  5.03E-01
20.40	  5.09E-01
20.50	  5.14E-01
20.60	  5.20E-01
20.70	  5.26E-01
20.80	  5.32E-01
20.90	  5.38E-01
21.00	  5.44E-01
21.10	  5.50E-01
21.20	  5.55E-01
21.30	  5.61E-01
21.40	  5.67E-01
21.50	  5.73E-01
21.60	  5.79E-01
21.70	  5.84E-01
21.80	  5.90E-01
21.90	  5.96E-01
22.00	  6.01E-01
22.10	  6.07E-01
22.20	  6.13E-01
22.30	  6.18E-01
22.40	  6.24E-01
22.50	  6.29E-01
22.60	  6.35E-01
22.70	  6.41E-01
22.80	  6.46E-01
22.90	  6.51E-01
23.00	  6.57E-01
23.10	  6.62E-01
23.20	  6.68E-01
23.30	  6.73E-01
23.40	  6.78E-01
23.50	  6.84E-01
23.60	  6.89E-01
23.70	  6.94E-01
23.80	  6.99E-01
23.90	  7.04E-01
24.00	  7.09E-01
24.10	  7.14E-01
24.20	  7.19E-01
24.30	  7.24E-01
24.40	  7.29E-01
24.50	  7.34E-01
24.60	  7.39E-01
24.70	  7.44E-01
24.80	  7.49E-01
24.90	  7.54E-01
25.00	  7.58E-01
25.10	  7.63E-01
25.20	  7.68E-01
25.30	  7.72E-01
25.40	  7.77E-01
25.50	  7.81E-01
25.60	  7.86E-01
25.70	  7.90E-01
25.80	  7.95E-01
25.90	  7.99E-01
26.00	  8.03E-01
26.10	  8.07E-01
26.20	  8.12E-01
26.30	  8.16E-01
26.40	  8.20E-01
26.50	  8.24E-01
26.60	  8.28E-01
26.70	  8.32E-01
26.80	  8.36E-01
26.90	  8.40E-01
27.00	  8.44E-01
27.10	  8.48E-01
27.20	  8.51E-01
27.30	  8.55E-01
27.40	  8.59E-01
27.50	  8.62E-01
27.60	  8.66E-01
27.70	  8.69E-01
27.80	  8.73E-01
27.90	  8.76E-01
28.00	  8.80E-01
28.10	  8.83E-01
28.20	  8.86E-01
28.30	  8.90E-01
28.40	  8.93E-01
28.50	  8.96E-01
28.60	  8.99E-01
28.70	  9.02E-01
28.80	  9.05E-01
28.90	  9.08E-01
29.00	  9.11E-01
29.10	  9.14E-01
29.20	  9.16E-01
29.30	  9.19E-01
29.40	  9.22E-01
29.50	  9.25E-01
29.60	  9.27E-01
29.70	  9.30E-01
29.80	  9.32E-01
29.90	  9.35E-01
30.00	  9.37E-01
30.10	  9.40E-01
30.20	  9.42E-01
30.30	  9.44E-01
30.40	  9.46E-01
30.50	  9.49E-01
30.60	  9.51E-01
30.70	  9.53E-01
30.80	  9.55E-01
30.90	  9.57E-01
31.00	  9.59E-01
31.10	  9.61E-01
31.20	  9.63E-01
31.30	  9.64E-01
31.40	  9.66E-01
31.50	  9.68E-01
31.60	  9.69E-01
31.70	  9.71E-01
31.80	  9.73E-01
31.90	  9.74E-01
32.00	  9.76E-01
32.10	  9.77E-01
32.20	  9.78E-01
32.30	  9.80E-01
32.40	  9.81E-01
32.50	  9.82E-01
32.60	  9.84E-01
32.70	  9.85E-01
32.80	  9.86E-01
32.90	  9.87E-01
33.00	  9.88E-01
33.10	  9.89E-01
33.20	  9.90E-01
33.30	  9.91E-01
33.40	  9.92E-01
33.50	  9.92E-01
33.60	  9.93E-01
33.70	  9.94E-01
33.80	  9.95E-01
33.90	  9.95E-01
34.00	  9.96E-01
34.10	  9.96E-01
34.20	  9.97E-01
34.30	  9.97E-01
34.40	  9.98E-01
34.50	  9.98E-01
34.60	  9.99E-01
34.70	  9.99E-01
34.80	  9.99E-01
34.90	  9.99E-01
35.00	  1.00E+00
35.10	  1.00E+00
35.20	  1.00E+00
35.30	  1.00E+00
35.40	  1.00E+00
35.50	  1.00E+00
35.60	  1.00E+00
35.70	  1.00E+00
35.80	  1.00E+00
35.90	  1.00E+00
36.00	  9.99E-01
36.10	  9.99E-01
36.20	  9.99E-01
36.30	  9.99E-01
36.40	  9.98E-01
36.50	  9.98E-01
36.60	  9.98E-01
36.70	  9.97E-01
36.80	  9.97E-01
36.90	  9.96E-01
37.00	  9.96E-01
37.10	  9.95E-01
37.20	  9.95E-01
37.30	  9.94E-01
37.40	  9.93E-01
37.50	  9.93E-01
37.60	  9.92E-01
37.70	  9.91E-01
37.80	  9.90E-01
37.90	  9.89E-01
38.00	  9.89E-01
38.10	  9.88E-01
38.20	  9.87E-01
38.30	  9.86E-01
38.40	  9.85E-01
38.50	  9.84E-01
38.60	  9.83E-01
38.70	  9.82E-01
38.80	  9.81E-01
38.90	  9.79E-01
39.00	  9.78E-01
39.10	  9.77E-01
39.20	  9.76E-01
39.30	  9.75E-01
39.40	  9.73E-01
39.50	  9.72E-01
39.60	  9.71E-01
39.70	  9.70E-01
39.80	  9.68E-01
39.90	  9.67E-01
40.00	  9.65E-01
40.10	  9.64E-01
40.20	  9.62E-01
40.30	  9.61E-01
40.40	  9.59E-01
40.50	  9.58E-01
40.60	  9.56E-01
40.70	  9.55E-01
40.80	  9.53E-01
40.90	  9.52E-01
41.00	  9.50E-01
41.10	  9.48E-01
41.20	  9.47E-01
41.30	  9.45E-01
41.40	  9.43E-01
41.50	  9.41E-01
41.60	  9.40E-01
41.70	  9.38E-01
41.80	  9.36E-01
41.90	  9.34E-01
42.00	  9.32E-01
42.10	  9.30E-01
42.20	  9.28E-01
42.30	  9.27E-01
42.40	  9.25E-01
42.50	  9.23E-01
42.60	  9.21E-01
42.70	  9.19E-01
42.80	  9.17E-01
42.90	  9.15E-01
43.00	  9.13E-01
43.10	  9.11E-01
43.20	  9.09E-01
43.30	  9.06E-01
43.40	  9.04E-01
43.50	  9.02E-01
43.60	  9.00E-01
43.70	  8.98E-01
43.80	  8.96E-01
43.90	  8.94E-01
44.00	  8.91E-01
44.10	  8.89E-01
44.20	  8.87E-01
44.30	  8.85E-01
44.40	  8.83E-01
44.50	  8.80E-01
44.60	  8.78E-01
44.70	  8.76E-01
44.80	  8.73E-01
44.90	  8.71E-01
45.00	  8.69E-01
45.10	  8.66E-01
45.20	  8.64E-01
45.30	  8.62E-01
45.40	  8.59E-01
45.50	  8.57E-01
45.60	  8.55E-01
45.70	  8.52E-01
45.80	  8.50E-01
45.90	  8.47E-01
46.00	  8.45E-01
46.10	  8.43E-01
46.20	  8.40E-01
46.30	  8.38E-01
46.40	  8.35E-01
46.50	  8.33E-01
46.60	  8.30E-01
46.70	  8.28E-01
46.80	  8.25E-01
46.90	  8.23E-01
47.00	  8.20E-01
47.10	  8.18E-01
47.20	  8.15E-01
47.30	  8.13E-01
47.40	  8.10E-01
47.50	  8.08E-01
47.60	  8.05E-01
47.70	  8.02E-01
47.80	  8.00E-01
47.90	  7.97E-01
48.00	  7.95E-01
48.10	  7.92E-01
48.20	  7.90E-01
48.30	  7.87E-01
48.40	  7.84E-01
48.50	  7.82E-01
48.60	  7.79E-01
48.70	  7.76E-01
48.80	  7.74E-01
48.90	  7.71E-01
49.00	  7.69E-01
49.10	  7.66E-01
49.20	  7.63E-01
49.30	  7.61E-01
49.40	  7.58E-01
49.50	  7.55E-01
49.60	  7.53E-01
49.70	  7.50E-01
49.80	  7.47E-01
49.90	  7.45E-01
50.00	  7.42E-01
50.10	  7.40E-01
50.20	  7.37E-01
50.30	  7.34E-01
50.40	  7.32E-01
50.50	  7.29E-01
50.60	  7.26E-01
50.70	  7.24E-01
50.80	  7.21E-01
50.90	  7.18E-01
51.00	  7.16E-01
51.10	  7.13E-01
51.20	  7.10E-01
51.30	  7.08E-01
51.40	  7.05E-01
51.50	  7.02E-01
51.60	  6.99E-01
51.70	  6.97E-01
51.80	  6.94E-01
51.90	  6.91E-01
52.00	  6.89E-01
52.10	  6.86E-01
52.20	  6.83E-01
52.30	  6.81E-01
52.40	  6.78E-01
52.50	  6.75E-01
52.60	  6.73E-01
52.70	  6.70E-01
52.80	  6.67E-01
52.90	  6.65E-01
53.00	  6.62E-01
53.10	  6.59E-01
53.20	  6.57E-01
53.30	  6.54E-01
53.40	  6.51E-01
53.50	  6.49E-01
53.60	  6.46E-01
53.70	  6.44E-01
53.80	  6.41E-01
53.90	  6.38E-01
54.00	  6.36E-01
54.10	  6.33E-01
54.20	  6.30E-01
54.30	  6.28E-01
54.40	  6.25E-01
54.50	  6.22E-01
54.60	  6.20E-01
54.70	  6.17E-01
54.80	  6.15E-01
54.90	  6.12E-01
55.00	  6.09E-01
55.10	  6.07E-01
55.20	  6.04E-01
55.30	  6.02E-01
55.40	  5.99E-01
55.50	  5.96E-01
55.60	  5.94E-01
55.70	  5.91E-01
55.80	  5.89E-01
55.90	  5.86E-01
56.00	  5.83E-01
56.10	  5.81E-01
56.20	  5.78E-01
56.30	  5.76E-01
56.40	  5.73E-01
56.50	  5.71E-01
56.60	  5.68E-01
56.70	  5.66E-01
56.80	  5.63E-01
56.90	  5.61E-01
57.00	  5.58E-01
57.10	  5.56E-01
57.20	  5.53E-01
57.30	  5.51E-01
57.40	  5.48E-01
57.50	  5.46E-01
57.60	  5.43E-01
57.70	  5.41E-01
57.80	  5.38E-01
57.90	  5.36E-01
58.00	  5.33E-01
58.10	  5.31E-01
58.20	  5.28E-01
58.30	  5.26E-01
58.40	  5.23E-01
58.50	  5.21E-01
58.60	  5.18E-01
58.70	  5.16E-01
58.80	  5.14E-01
58.90	  5.11E-01
59.00	  5.09E-01
59.10	  5.06E-01
59.20	  5.04E-01
59.30	  5.02E-01
59.40	  4.99E-01
59.50	  4.97E-01
59.60	  4.94E-01
59.70	  4.92E-01
59.80	  4.90E-01
59.90	  4.87E-01
60.00	  4.85E-01
60.10	  4.83E-01
60.20	  4.80E-01
60.30	  4.78E-01
60.40	  4.76E-01
60.50	  4.73E-01
60.60	  4.71E-01
60.70	  4.69E-01
60.80	  4.67E-01
60.90	  4.64E-01
61.00	  4.62E-01
61.10	  4.60E-01
61.20	  4.57E-01
61.30	  4.55E-01
61.40	  4.53E-01
61.50	  4.51E-01
61.60	  4.48E-01
61.70	  4.46E-01
61.80	  4.44E-01
61.90	  4.42E-01
62.00	  4.40E-01
62.10	  4.37E-01
62.20	  4.35E-01
62.30	  4.33E-01
62.40	  4.31E-01
62.50	  4.29E-01
62.60	  4.26E-01
62.70	  4.24E-01
62.80	  4.22E-01
62.90	  4.20E-01
63.00	  4.18E-01
63.10	  4.16E-01
63.20	  4.14E-01
63.30	  4.11E-01
63.40	  4.09E-01
63.50	  4.07E-01
63.60	  4.05E-01
63.70	  4.03E-01
63.80	  4.01E-01
63.90	  3.99E-01
64.00	  3.97E-01
64.10	  3.95E-01
64.20	  3.93E-01
64.30	  3.91E-01
64.40	  3.89E-01
64.50	  3.87E-01
64.60	  3.85E-01
64.70	  3.83E-01
64.80	  3.81E-01
64.90	  3.79E-01
65.00	  3.77E-01
65.10	  3.75E-01
65.20	  3.73E-01
65.30	  3.71E-01
65.40	  3.69E-01
65.50	  3.67E-01
65.60	  3.65E-01
65.70	  3.63E-01
65.80	  3.61E-01
65.90	  3.59E-01
66.00	  3.57E-01
66.10	  3.55E-01
66.20	  3.53E-01
66.30	  3.51E-01
66.40	  3.50E-01
66.50	  3.48E-01
66.60	  3.46E-01
66.70	  3.44E-01
66.80	  3.42E-01
66.90	  3.40E-01
67.00	  3.38E-01
67.10	  3.37E-01
67.20	  3.35E-01
67.30	  3.33E-01
67.40	  3.31E-01
67.50	  3.29E-01
67.60	  3.28E-01
67.70	  3.26E-01
67.80	  3.24E-01
67.90	  3.22E-01
68.00	  3.20E-01
68.10	  3.19E-01
68.20	  3.17E-01
68.30	  3.15E-01
68.40	  3.13E-01
68.50	  3.12E-01
68.60	  3.10E-01
68.70	  3.08E-01
68.80	  3.07E-01
68.90	  3.05E-01
69.00	  3.03E-01
69.10	  3.02E-01
69.20	  3.00E-01
69.30	  2.98E-01
69.40	  2.97E-01
69.50	  2.95E-01
69.60	  2.93E-01
69.70	  2.92E-01
69.80	  2.90E-01
69.90	  2.88E-01
70.00	  2.87E-01
70.10	  2.85E-01
70.20	  2.83E-01
70.30	  2.82E-01
70.40	  2.80E-01
70.50	  2.79E-01
70.60	  2.77E-01
70.70	  2.76E-01
70.80	  2.74E-01
70.90	  2.72E-01
71.00	  2.71E-01
71.10	  2.69E-01
71.20	  2.68E-01
71.30	  2.66E-01
71.40	  2.65E-01
71.50	  2.63E-01
71.60	  2.62E-01
71.70	  2.60E-01
71.80	  2.59E-01
71.90	  2.57E-01
72.00	  2.56E-01
72.10	  2.54E-01
72.20	  2.53E-01
72.30	  2.51E-01
72.40	  2.50E-01
72.50	  2.49E-01
72.60	  2.47E-01
72.70	  2.46E-01
72.80	  2.44E-01
72.90	  2.43E-01
73.00	  2.41E-01
73.10	  2.40E-01
73.20	  2.39E-01
73.30	  2.37E-01
73.40	  2.36E-01
73.50	  2.35E-01
73.60	  2.33E-01
73.70	  2.32E-01
73.80	  2.30E-01
73.90	  2.29E-01
74.00	  2.28E-01
74.10	  2.26E-01
74.20	  2.25E-01
74.30	  2.24E-01
74.40	  2.22E-01
74.50	  2.21E-01
74.60	  2.20E-01
74.70	  2.19E-01
74.80	  2.17E-01
74.90	  2.16E-01
75.00	  2.15E-01
75.10	  2.13E-01
75.20	  2.12E-01
75.30	  2.11E-01
75.40	  2.10E-01
75.50	  2.08E-01
75.60	  2.07E-01
75.70	  2.06E-01
75.80	  2.05E-01
75.90	  2.03E-01
76.00	  2.02E-01
76.10	  2.01E-01
76.20	  2.00E-01
76.30	  1.99E-01
76.40	  1.97E-01
76.50	  1.96E-01
76.60	  1.95E-01
76.70	  1.94E-01
76.80	  1.93E-01
76.90	  1.92E-01
77.00	  1.90E-01
77.10	  1.89E-01
77.20	  1.88E-01
77.30	  1.87E-01
77.40	  1.86E-01
77.50	  1.85E-01
77.60	  1.84E-01
77.70	  1.83E-01
77.80	  1.81E-01
77.90	  1.80E-01
78.00	  1.79E-01
78.10	  1.78E-01
78.20	  1.77E-01
78.30	  1.76E-01
78.40	  1.75E-01
78.50	  1.74E-01
78.60	  1.73E-01
78.70	  1.72E-01
78.80	  1.71E-01
78.90	  1.70E-01
79.00	  1.69E-01
79.10	  1.68E-01
79.20	  1.67E-01
79.30	  1.66E-01
79.40	  1.65E-01
79.50	  1.64E-01
79.60	  1.63E-01
79.70	  1.62E-01
79.80	  1.61E-01
79.90	  1.60E-01
80.00	  1.59E-01
80.10	  1.58E-01
80.20	  1.57E-01
80.30	  1.56E-01
80.40	  1.55E-01
80.50	  1.54E-01
80.60	  1.53E-01
80.70	  1.52E-01
80.80	  1.51E-01
80.90	  1.50E-01
81.00	  1.49E-01
81.10	  1.48E-01
81.20	  1.47E-01
81.30	  1.46E-01
81.40	  1.45E-01
81.50	  1.44E-01
81.60	  1.44E-01
81.70	  1.43E-01
81.80	  1.42E-01
81.90	  1.41E-01
82.00	  1.40E-01
82.10	  1.39E-01
82.20	  1.38E-01
82.30	  1.37E-01
82.40	  1.37E-01
82.50	  1.36E-01
82.60	  1.35E-01
82.70	  1.34E-01
82.80	  1.33E-01
82.90	  1.32E-01
83.00	  1.31E-01
83.10	  1.31E-01
83.20	  1.30E-01
83.30	  1.29E-01
83.40	  1.28E-01
83.50	  1.27E-01
83.60	  1.27E-01
83.70	  1.26E-01
83.80	  1.25E-01
83.90	  1.24E-01
84.00	  1.23E-01
84.10	  1.23E-01
84.20	  1.22E-01
84.30	  1.21E-01
84.40	  1.20E-01
84.50	  1.20E-01
84.60	  1.19E-01
84.70	  1.18E-01
84.80	  1.17E-01
84.90	  1.17E-01
85.00	  1.16E-01
85.10	  1.15E-01
85.20	  1.14E-01
85.30	  1.14E-01
85.40	  1.13E-01
85.50	  1.12E-01
85.60	  1.11E-01
85.70	  1.11E-01
85.80	  1.10E-01
85.90	  1.09E-01
86.00	  1.09E-01
86.10	  1.08E-01
86.20	  1.07E-01
86.30	  1.07E-01
86.40	  1.06E-01
86.50	  1.05E-01
86.60	  1.04E-01
86.70	  1.04E-01
86.80	  1.03E-01
86.90	  1.02E-01
87.00	  1.02E-01
87.10	  1.01E-01
87.20	  1.01E-01
87.30	  9.99E-02
87.40	  9.92E-02
87.50	  9.86E-02
87.60	  9.79E-02
87.70	  9.73E-02
87.80	  9.67E-02
87.90	  9.61E-02
88.00	  9.54E-02
88.10	  9.48E-02
88.20	  9.42E-02
88.30	  9.36E-02
88.40	  9.30E-02
88.50	  9.24E-02
88.60	  9.18E-02
88.70	  9.12E-02
88.80	  9.06E-02
88.90	  9.00E-02
89.00	  8.94E-02
89.10	  8.88E-02
89.20	  8.82E-02
89.30	  8.77E-02
89.40	  8.71E-02
89.50	  8.65E-02
89.60	  8.60E-02
89.70	  8.54E-02
89.80	  8.48E-02
89.90	  8.43E-02
90.00	  8.37E-02
90.10	  8.32E-02
90.20	  8.26E-02
90.30	  8.21E-02
90.40	  8.16E-02
90.50	  8.10E-02
90.60	  8.05E-02
90.70	  8.00E-02
90.80	  7.94E-02
90.90	  7.89E-02
91.00	  7.84E-02
91.10	  7.79E-02
91.20	  7.74E-02
91.30	  7.69E-02
91.40	  7.64E-02
91.50	  7.59E-02
91.60	  7.54E-02
91.70	  7.49E-02
91.80	  7.44E-02
91.90	  7.39E-02
92.00	  7.34E-02
92.10	  7.29E-02
92.20	  7.24E-02
92.30	  7.19E-02
92.40	  7.15E-02
92.50	  7.10E-02
92.60	  7.05E-02
92.70	  7.00E-02
92.80	  6.96E-02
92.90	  6.91E-02
93.00	  6.87E-02
93.10	  6.82E-02
93.20	  6.77E-02
93.30	  6.73E-02
93.40	  6.69E-02
93.50	  6.64E-02
93.60	  6.60E-02
93.70	  6.55E-02
93.80	  6.51E-02
93.90	  6.47E-02
94.00	  6.42E-02
94.10	  6.38E-02
94.20	  6.34E-02
94.30	  6.29E-02
94.40	  6.25E-02
94.50	  6.21E-02
94.60	  6.17E-02
94.70	  6.13E-02
94.80	  6.09E-02
94.90	  6.05E-02
95.00	  6.01E-02
95.10	  5.97E-02
95.20	  5.93E-02
95.30	  5.89E-02
95.40	  5.85E-02
95.50	  5.81E-02
95.60	  5.77E-02
95.70	  5.73E-02
95.80	  5.69E-02
95.90	  5.65E-02
96.00	  5.61E-02
96.10	  5.58E-02
96.20	  5.54E-02
96.30	  5.50E-02
96.40	  5.46E-02
96.50	  5.43E-02
96.60	  5.39E-02
96.70	  5.35E-02
96.80	  5.32E-02
96.90	  5.28E-02
97.00	  5.25E-02
97.10	  5.21E-02
97.20	  5.18E-02
97.30	  5.14E-02
97.40	  5.11E-02
97.50	  5.07E-02
97.60	  5.04E-02
97.70	  5.00E-02
97.80	  4.97E-02
97.90	  4.94E-02
98.00	  4.90E-02
98.10	  4.87E-02
98.20	  4.84E-02
98.30	  4.80E-02
98.40	  4.77E-02
98.50	  4.74E-02
98.60	  4.71E-02
98.70	  4.67E-02
98.80	  4.64E-02
98.90	  4.61E-02
99.00	  4.58E-02
99.10	  4.55E-02
99.20	  4.52E-02
99.30	  4.49E-02
99.40	  4.46E-02
99.50	  4.43E-02
99.60	  4.40E-02
99.70	  4.37E-02
99.80	  4.34E-02
99.90	  4.31E-02
100.00	  4.28E-02
100.10	  4.25E-02
100.20	  4.22E-02
100.30	  4.19E-02
100.40	  4.16E-02
100.50	  4.13E-02
100.60	  4.10E-02
100.70	  4.08E-02
100.80	  4.05E-02
100.90	  4.02E-02
101.00	  3.99E-02
101.10	  3.97E-02
101.20	  3.94E-02
101.30	  3.91E-02
101.40	  3.88E-02
101.50	  3.86E-02
101.60	  3.83E-02
101.70	  3.80E-02
101.80	  3.78E-02
101.90	  3.75E-02
102.00	  3.73E-02
102.10	  3.70E-02
102.20	  3.68E-02
102.30	  3.65E-02
102.40	  3.63E-02
102.50	  3.60E-02
102.60	  3.58E-02
102.70	  3.55E-02
102.80	  3.53E-02
102.90	  3.50E-02
103.00	  3.48E-02
103.10	  3.45E-02
103.20	  3.43E-02
103.30	  3.41E-02
103.40	  3.38E-02
103.50	  3.36E-02
103.60	  3.34E-02
103.70	  3.31E-02
103.80	  3.29E-02
103.90	  3.27E-02
104.00	  3.24E-02
104.10	  3.22E-02
104.20	  3.20E-02
104.30	  3.18E-02
104.40	  3.16E-02
104.50	  3.13E-02
104.60	  3.11E-02
104.70	  3.09E-02
104.80	  3.07E-02
104.90	  3.05E-02
105.00	  3.03E-02
105.10	  3.01E-02
105.20	  2.98E-02
105.30	  2.96E-02
105.40	  2.94E-02
105.50	  2.92E-02
105.60	  2.90E-02
105.70	  2.88E-02
105.80	  2.86E-02
105.90	  2.84E-02
106.00	  2.82E-02
106.10	  2.80E-02
106.20	  2.78E-02
106.30	  2.76E-02
106.40	  2.74E-02
106.50	  2.73E-02
106.60	  2.71E-02
106.70	  2.69E-02
106.80	  2.67E-02
106.90	  2.65E-02
107.00	  2.63E-02
107.10	  2.61E-02
107.20	  2.59E-02
107.30	  2.58E-02
107.40	  2.56E-02
107.50	  2.54E-02
107.60	  2.52E-02
107.70	  2.51E-02
107.80	  2.49E-02
107.90	  2.47E-02
108.00	  2.45E-02
108.10	  2.44E-02
108.20	  2.42E-02
108.30	  2.40E-02
108.40	  2.38E-02
108.50	  2.37E-02
108.60	  2.35E-02
108.70	  2.34E-02
108.80	  2.32E-02
108.90	  2.30E-02
109.00	  2.29E-02
109.10	  2.27E-02
109.20	  2.25E-02
109.30	  2.24E-02
109.40	  2.22E-02
109.50	  2.21E-02
109.60	  2.19E-02
109.70	  2.18E-02
109.80	  2.16E-02
109.90	  2.15E-02
110.00	  2.13E-02
110.10	  2.12E-02
110.20	  2.10E-02
110.30	  2.09E-02
110.40	  2.07E-02
110.50	  2.06E-02
110.60	  2.04E-02
110.70	  2.03E-02
110.80	  2.01E-02
110.90	  2.00E-02
111.00	  1.98E-02
111.10	  1.97E-02
111.20	  1.96E-02
111.30	  1.94E-02
111.40	  1.93E-02
111.50	  1.92E-02
111.60	  1.90E-02
111.70	  1.89E-02
111.80	  1.88E-02
111.90	  1.86E-02
112.00	  1.85E-02
112.10	  1.84E-02
112.20	  1.82E-02
112.30	  1.81E-02
112.40	  1.80E-02
112.50	  1.78E-02
112.60	  1.77E-02
112.70	  1.76E-02
112.80	  1.75E-02
112.90	  1.73E-02
113.00	  1.72E-02
113.10	  1.71E-02
113.20	  1.70E-02
113.30	  1.69E-02
113.40	  1.67E-02
113.50	  1.66E-02
113.60	  1.65E-02
113.70	  1.64E-02
113.80	  1.63E-02
113.90	  1.61E-02
114.00	  1.60E-02
114.10	  1.59E-02
114.20	  1.58E-02
114.30	  1.57E-02
114.40	  1.56E-02
114.50	  1.55E-02
114.60	  1.54E-02
114.70	  1.52E-02
114.80	  1.51E-02
114.90	  1.50E-02
115.00	  1.49E-02
115.10	  1.48E-02
115.20	  1.47E-02
115.30	  1.46E-02
115.40	  1.45E-02
115.50	  1.44E-02
115.60	  1.43E-02
115.70	  1.42E-02
115.80	  1.41E-02
115.90	  1.40E-02
116.00	  1.39E-02
116.10	  1.38E-02
116.20	  1.37E-02
116.30	  1.36E-02
116.40	  1.35E-02
116.50	  1.34E-02
116.60	  1.33E-02
116.70	  1.32E-02
116.80	  1.31E-02
116.90	  1.30E-02
117.00	  1.29E-02
117.10	  1.28E-02
117.20	  1.27E-02
117.30	  1.27E-02
117.40	  1.26E-02
117.50	  1.25E-02
117.60	  1.24E-02
117.70	  1.23E-02
117.80	  1.22E-02
117.90	  1.21E-02
118.00	  1.20E-02
118.10	  1.19E-02
118.20	  1.19E-02
118.30	  1.18E-02
118.40	  1.17E-02
118.50	  1.16E-02
118.60	  1.15E-02
118.70	  1.14E-02
118.80	  1.14E-02
118.90	  1.13E-02
119.00	  1.12E-02
119.10	  1.11E-02
119.20	  1.10E-02
119.30	  1.10E-02
119.40	  1.09E-02
119.50	  1.08E-02
119.60	  1.07E-02
119.70	  1.06E-02
119.80	  1.06E-02
119.90	  1.05E-02
120.00	  1.04E-02
120.10	  1.03E-02
120.20	  1.03E-02
120.30	  1.02E-02
120.40	  1.01E-02
120.50	  1.00E-02
120.60	  9.97E-03
120.70	  9.90E-03
120.80	  9.83E-03
120.90	  9.76E-03
121.00	  9.69E-03
121.10	  9.62E-03
121.20	  9.55E-03
121.30	  9.48E-03
121.40	  9.41E-03
121.50	  9.34E-03
121.60	  9.27E-03
121.70	  9.21E-03
121.80	  9.14E-03
121.90	  9.07E-03
122.00	  9.01E-03
122.10	  8.94E-03
122.20	  8.88E-03
122.30	  8.81E-03
122.40	  8.75E-03
122.50	  8.69E-03
122.60	  8.62E-03
122.70	  8.56E-03
122.80	  8.50E-03
122.90	  8.44E-03
123.00	  8.38E-03
123.10	  8.31E-03
123.20	  8.25E-03
123.30	  8.19E-03
123.40	  8.13E-03
123.50	  8.08E-03
123.60	  8.02E-03
123.70	  7.96E-03
123.80	  7.90E-03
123.90	  7.84E-03
124.00	  7.79E-03
124.10	  7.73E-03
124.20	  7.67E-03
124.30	  7.62E-03
124.40	  7.56E-03
124.50	  7.51E-03
124.60	  7.45E-03
124.70	  7.40E-03
124.80	  7.35E-03
124.90	  7.29E-03
125.00	  7.24E-03
125.10	  7.19E-03
125.20	  7.13E-03
125.30	  7.08E-03
125.40	  7.03E-03
125.50	  6.98E-03
125.60	  6.93E-03
125.70	  6.88E-03
125.80	  6.83E-03
125.90	  6.78E-03
126.00	  6.73E-03
126.10	  6.68E-03
126.20	  6.63E-03
126.30	  6.58E-03
126.40	  6.53E-03
126.50	  6.49E-03
126.60	  6.44E-03
126.70	  6.39E-03
126.80	  6.35E-03
126.90	  6.30E-03
127.00	  6.25E-03
127.10	  6.21E-03
127.20	  6.16E-03
127.30	  6.12E-03
127.40	  6.07E-03
127.50	  6.03E-03
127.60	  5.98E-03
127.70	  5.94E-03
127.80	  5.90E-03
127.90	  5.85E-03
128.00	  5.81E-03
128.10	  5.77E-03
128.20	  5.73E-03
128.30	  5.68E-03
128.40	  5.64E-03
128.50	  5.60E-03
128.60	  5.56E-03
128.70	  5.52E-03
128.80	  5.48E-03
128.90	  5.44E-03
129.00	  5.40E-03
129.10	  5.36E-03
129.20	  5.32E-03
129.30	  5.28E-03
129.40	  5.24E-03
129.50	  5.20E-03
129.60	  5.17E-03
129.70	  5.13E-03
129.80	  5.09E-03
129.90	  5.05E-03
130.00	  5.02E-03
130.10	  4.98E-03
130.20	  4.94E-03
130.30	  4.91E-03
130.40	  4.87E-03
130.50	  4.83E-03
130.60	  4.80E-03
130.70	  4.76E-03
130.80	  4.73E-03
130.90	  4.69E-03
131.00	  4.66E-03
131.10	  4.62E-03
131.20	  4.59E-03
131.30	  4.56E-03
131.40	  4.52E-03
131.50	  4.49E-03
131.60	  4.46E-03
131.70	  4.42E-03
131.80	  4.39E-03
131.90	  4.36E-03
132.00	  4.33E-03
132.10	  4.30E-03
132.20	  4.26E-03
132.30	  4.23E-03
132.40	  4.20E-03
132.50	  4.17E-03
132.60	  4.14E-03
132.70	  4.11E-03
132.80	  4.08E-03
132.90	  4.05E-03
133.00	  4.02E-03
133.10	  3.99E-03
133.20	  3.96E-03
133.30	  3.93E-03
133.40	  3.90E-03
133.50	  3.87E-03
133.60	  3.84E-03
133.70	  3.82E-03
133.80	  3.79E-03
133.90	  3.76E-03
134.00	  3.73E-03
134.10	  3.70E-03
134.20	  3.68E-03
134.30	  3.65E-03
134.40	  3.62E-03
134.50	  3.60E-03
134.60	  3.57E-03
134.70	  3.54E-03
134.80	  3.52E-03
134.90	  3.49E-03
135.00	  3.47E-03
135.10	  3.44E-03
135.20	  3.41E-03
135.30	  3.39E-03
135.40	  3.36E-03
135.50	  3.34E-03
135.60	  3.31E-03
135.70	  3.29E-03
135.80	  3.27E-03
135.90	  3.24E-03
136.00	  3.22E-03
136.10	  3.19E-03
136.20	  3.17E-03
136.30	  3.15E-03
136.40	  3.12E-03
136.50	  3.10E-03
136.60	  3.08E-03
136.70	  3.05E-03
136.80	  3.03E-03
136.90	  3.01E-03
137.00	  2.99E-03
137.10	  2.96E-03
137.20	  2.94E-03
137.30	  2.92E-03
137.40	  2.90E-03
137.50	  2.88E-03
137.60	  2.86E-03
137.70	  2.83E-03
137.80	  2.81E-03
137.90	  2.79E-03
138.00	  2.77E-03
138.10	  2.75E-03
138.20	  2.73E-03
138.30	  2.71E-03
138.40	  2.69E-03
138.50	  2.67E-03
138.60	  2.65E-03
138.70	  2.63E-03
138.80	  2.61E-03
138.90	  2.59E-03
139.00	  2.57E-03
139.10	  2.55E-03
139.20	  2.53E-03
139.30	  2.52E-03
139.40	  2.50E-03
139.50	  2.48E-03
139.60	  2.46E-03
139.70	  2.44E-03
139.80	  2.42E-03
139.90	  2.41E-03
140.00	  2.39E-03
140.10	  2.37E-03
140.20	  2.35E-03
140.30	  2.33E-03
140.40	  2.32E-03
140.50	  2.30E-03
140.60	  2.28E-03
140.70	  2.27E-03
140.80	  2.25E-03
140.90	  2.23E-03
141.00	  2.22E-03
141.10	  2.20E-03
141.20	  2.18E-03
141.30	  2.17E-03
141.40	  2.15E-03
141.50	  2.13E-03
141.60	  2.12E-03
141.70	  2.10E-03
141.80	  2.09E-03
141.90	  2.07E-03
142.00	  2.06E-03
142.10	  2.04E-03
142.20	  2.03E-03
142.30	  2.01E-03
142.40	  2.00E-03
142.50	  1.98E-03
142.60	  1.97E-03
142.70	  1.95E-03
142.80	  1.94E-03
142.90	  1.92E-03
143.00	  1.91E-03
143.10	  1.89E-03
143.20	  1.88E-03
143.30	  1.87E-03
143.40	  1.85E-03
143.50	  1.84E-03
143.60	  1.82E-03
143.70	  1.81E-03
143.80	  1.80E-03
143.90	  1.78E-03
144.00	  1.77E-03
144.10	  1.76E-03
144.20	  1.74E-03
144.30	  1.73E-03
144.40	  1.72E-03
144.50	  1.70E-03
144.60	  1.69E-03
144.70	  1.68E-03
144.80	  1.67E-03
144.90	  1.65E-03
145.00	  1.64E-03
145.10	  1.63E-03
145.20	  1.62E-03
145.30	  1.60E-03
145.40	  1.59E-03
145.50	  1.58E-03
145.60	  1.57E-03
145.70	  1.56E-03
145.80	  1.55E-03
145.90	  1.53E-03
146.00	  1.52E-03
146.10	  1.51E-03
146.20	  1.50E-03
146.30	  1.49E-03
146.40	  1.48E-03
146.50	  1.47E-03
146.60	  1.46E-03
146.70	  1.44E-03
146.80	  1.43E-03
146.90	  1.42E-03
147.00	  1.41E-03
147.10	  1.40E-03
147.20	  1.39E-03
147.30	  1.38E-03
147.40	  1.37E-03
147.50	  1.36E-03
147.60	  1.35E-03
147.70	  1.34E-03
147.80	  1.33E-03
147.90	  1.32E-03
148.00	  1.31E-03
148.10	  1.30E-03
148.20	  1.29E-03
148.30	  1.28E-03
148.40	  1.27E-03
148.50	  1.26E-03
148.60	  1.25E-03
148.70	  1.24E-03
148.80	  1.23E-03
148.90	  1.22E-03
149.00	  1.21E-03
149.10	  1.21E-03
149.20	  1.20E-03
149.30	  1.19E-03
149.40	  1.18E-03
149.50	  1.17E-03
149.60	  1.16E-03
149.70	  1.15E-03
149.80	  1.14E-03
149.90	  1.13E-03
150.00	  1.13E-03
150.10	  1.12E-03
150.20	  1.11E-03
150.30	  1.10E-03
150.40	  1.09E-03
150.50	  1.08E-03
150.60	  1.08E-03
150.70	  1.07E-03
150.80	  1.06E-03
150.90	  1.05E-03
151.00	  1.04E-03
151.10	  1.04E-03
151.20	  1.03E-03
151.30	  1.02E-03
151.40	  1.01E-03
151.50	  1.01E-03
151.60	  9.98E-04
151.70	  9.90E-04
151.80	  9.83E-04
151.90	  9.75E-04
152.00	  9.68E-04
152.10	  9.61E-04
152.20	  9.54E-04
152.30	  9.46E-04
152.40	  9.39E-04
152.50	  9.32E-04
152.60	  9.25E-04
152.70	  9.18E-04
152.80	  9.11E-04
152.90	  9.04E-04
153.00	  8.97E-04
153.10	  8.91E-04
153.20	  8.84E-04
153.30	  8.77E-04
153.40	  8.71E-04
153.50	  8.64E-04
153.60	  8.58E-04
153.70	  8.51E-04
153.80	  8.45E-04
153.90	  8.38E-04
154.00	  8.32E-04
154.10	  8.26E-04
154.20	  8.19E-04
154.30	  8.13E-04
154.40	  8.07E-04
154.50	  8.01E-04
154.60	  7.95E-04
154.70	  7.89E-04
154.80	  7.83E-04
154.90	  7.77E-04
155.00	  7.71E-04
155.10	  7.65E-04
155.20	  7.60E-04
155.30	  7.54E-04
155.40	  7.48E-04
155.50	  7.42E-04
155.60	  7.37E-04
155.70	  7.31E-04
155.80	  7.26E-04
155.90	  7.20E-04
156.00	  7.15E-04
156.10	  7.09E-04
156.20	  7.04E-04
156.30	  6.99E-04
156.40	  6.93E-04
156.50	  6.88E-04
156.60	  6.83E-04
156.70	  6.78E-04
156.80	  6.73E-04
156.90	  6.67E-04
157.00	  6.62E-04
157.10	  6.57E-04
157.20	  6.52E-04
157.30	  6.47E-04
157.40	  6.43E-04
157.50	  6.38E-04
157.60	  6.33E-04
157.70	  6.28E-04
157.80	  6.23E-04
157.90	  6.19E-04
158.00	  6.14E-04
158.10	  6.09E-04
158.20	  6.05E-04
158.30	  6.00E-04
158.40	  5.95E-04
158.50	  5.91E-04
158.60	  5.86E-04
158.70	  5.82E-04
158.80	  5.78E-04
158.90	  5.73E-04
159.00	  5.69E-04
159.10	  5.65E-04
159.20	  5.60E-04
159.30	  5.56E-04
159.40	  5.52E-04
159.50	  5.48E-04
159.60	  5.43E-04
159.70	  5.39E-04
159.80	  5.35E-04
159.90	  5.31E-04
160.00	  5.27E-04
160.10	  5.23E-04
160.20	  5.19E-04
160.30	  5.15E-04
160.40	  5.11E-04
160.50	  5.07E-04
160.60	  5.04E-04
160.70	  5.00E-04
160.80	  4.96E-04
160.90	  4.92E-04
161.00	  4.88E-04
161.10	  4.85E-04
161.20	  4.81E-04
161.30	  4.77E-04
161.40	  4.74E-04
161.50	  4.70E-04
161.60	  4.67E-04
161.70	  4.63E-04
161.80	  4.59E-04
161.90	  4.56E-04
162.00	  4.53E-04
162.10	  4.49E-04
162.20	  4.46E-04
162.30	  4.42E-04
162.40	  4.39E-04
162.50	  4.36E-04
162.60	  4.32E-04
162.70	  4.29E-04
162.80	  4.26E-04
162.90	  4.22E-04
163.00	  4.19E-04
163.10	  4.16E-04
163.20	  4.13E-04
163.30	  4.10E-04
163.40	  4.07E-04
163.50	  4.04E-04
163.60	  4.00E-04
163.70	  3.97E-04
163.80	  3.94E-04
163.90	  3.91E-04
164.00	  3.88E-04
164.10	  3.85E-04
164.20	  3.82E-04
164.30	  3.80E-04
164.40	  3.77E-04
164.50	  3.74E-04
164.60	  3.71E-04
164.70	  3.68E-04
164.80	  3.65E-04
164.90	  3.63E-04
165.00	  3.60E-04
165.10	  3.57E-04
165.20	  3.54E-04
165.30	  3.52E-04
165.40	  3.49E-04
165.50	  3.46E-04
165.60	  3.44E-04
165.70	  3.41E-04
165.80	  3.38E-04
165.90	  3.36E-04
166.00	  3.33E-04
166.10	  3.31E-04
166.20	  3.28E-04
166.30	  3.26E-04
166.40	  3.23E-04
166.50	  3.21E-04
166.60	  3.18E-04
166.70	  3.16E-04
166.80	  3.13E-04
166.90	  3.11E-04
167.00	  3.09E-04
167.10	  3.06E-04
167.20	  3.04E-04
167.30	  3.02E-04
167.40	  2.99E-04
167.50	  2.97E-04
167.60	  2.95E-04
167.70	  2.93E-04
167.80	  2.90E-04
167.90	  2.88E-04
168.00	  2.86E-04
168.10	  2.84E-04
168.20	  2.82E-04
168.30	  2.79E-04
168.40	  2.77E-04
168.50	  2.75E-04
168.60	  2.73E-04
168.70	  2.71E-04
168.80	  2.69E-04
168.90	  2.67E-04
169.00	  2.65E-04
169.10	  2.63E-04
169.20	  2.61E-04
169.30	  2.59E-04
169.40	  2.57E-04
169.50	  2.55E-04
169.60	  2.53E-04
169.70	  2.51E-04
169.80	  2.49E-04
169.90	  2.47E-04
170.00	  2.45E-04
170.10	  2.43E-04
170.20	  2.41E-04
170.30	  2.40E-04
170.40	  2.38E-04
170.50	  2.36E-04
170.60	  2.34E-04
170.70	  2.32E-04
170.80	  2.31E-04
170.90	  2.29E-04
171.00	  2.27E-04
171.10	  2.25E-04
171.20	  2.24E-04
171.30	  2.22E-04
171.40	  2.20E-04
171.50	  2.18E-04
171.60	  2.17E-04
171.70	  2.15E-04
171.80	  2.13E-04
171.90	  2.12E-04
172.00	  2.10E-04
172.10	  2.09E-04
172.20	  2.07E-04
172.30	  2.05E-04
172.40	  2.04E-04
172.50	  2.02E-04
172.60	  2.01E-04
172.70	  1.99E-04
172.80	  1.98E-04
172.90	  1.96E-04
173.00	  1.95E-04
173.10	  1.93E-04
173.20	  1.92E-04
173.30	  1.90E-04
173.40	  1.89E-04
173.50	  1.87E-04
173.60	  1.86E-04
173.70	  1.84E-04
173.80	  1.83E-04
173.90	  1.82E-04
174.00	  1.80E-04
174.10	  1.79E-04
174.20	  1.77E-04
174.30	  1.76E-04
174.40	  1.75E-04
174.50	  1.73E-04
174.60	  1.72E-04
174.70	  1.71E-04
174.80	  1.69E-04
174.90	  1.68E-04
175.00	  1.67E-04
175.10	  1.66E-04
175.20	  1.64E-04
175.30	  1.63E-04
175.40	  1.62E-04
175.50	  1.61E-04
175.60	  1.59E-04
175.70	  1.58E-04
175.80	  1.57E-04
175.90	  1.56E-04
176.00	  1.54E-04
176.10	  1.53E-04
176.20	  1.52E-04
176.30	  1.51E-04
176.40	  1.50E-04
176.50	  1.49E-04
176.60	  1.48E-04
176.70	  1.46E-04
176.80	  1.45E-04
176.90	  1.44E-04
177.00	  1.43E-04
177.10	  1.42E-04
177.20	  1.41E-04
177.30	  1.40E-04
177.40	  1.39E-04
177.50	  1.38E-04
177.60	  1.37E-04
177.70	  1.35E-04
177.80	  1.34E-04
177.90	  1.33E-04
178.00	  1.32E-04
178.10	  1.31E-04
178.20	  1.30E-04
178.30	  1.29E-04
178.40	  1.28E-04
178.50	  1.27E-04
178.60	  1.26E-04
178.70	  1.25E-04
178.80	  1.24E-04
178.90	  1.24E-04
179.00	  1.23E-04
179.10	  1.22E-04
179.20	  1.21E-04
179.30	  1.20E-04
179.40	  1.19E-04
179.50	  1.18E-04
179.60	  1.17E-04
179.70	  1.16E-04
179.80	  1.15E-04
179.90	  1.14E-04
