98694 47.55 51.221
98695 53.099 58.96
98696 53.102 58.959
98697 47.555 53.108
98699 47.651 51.317
98791 47.578 52.667
98792 50.05 52.091
98794 50.106 56.96
98795 50.102 57.753
98885 47.601 52.322
98891 47.593 52.431
98892 47.595 52.236
98934 46.24 52.947
98935 46.022 46.933
98936 46.157 50.489
98937 46.142 51.086
98938 46.132 50.5
98939 46.324 51.055
98978 46.216 52.735
98979 46.116 51.106
98980 46.074 51.256
98981 46.071 49.293
98983 46.128 52.282
98984 46.129 52.718
98985 46.183 52.797
98986 46.288 52.916
98987 46.206 54.881
98990 46.229 52.88
98991 46.157 50.163
98992 46.177 52.104
98994 46.967 51.244
98995 47.076 53.825
98996 46.437 52.205
98997 46.305 50.638
98998 46.301 51.934
99003 50.134 58.893
99137 47.587 51.118
99138 47.642 52.304
99140 46.115 54.933
99159 44.034 45.986
99173 53.098 58.944
99187 46.039 49.36
99194 45.318 48.916
99208 47.549 48.824
99221 49.198 53.277
99223 44.023 45.428
99224 44.071 49.348
99267 49.2 57.792
99269 49.137 54.837
99280 49.11 54.034
99283 49.161 54.243
100108 47.619 52.588
100130 46.079 50.939
100131 46.06 50.958
100133 49.071 59.011
100134 49.082 57.986
100182 50.046 52.634
