0.000000000000000000e+00 0.000000000000000000e+00
4.000000000000000222e-01 0.000000000000000000e+00
8.000000000000000444e-01 0.000000000000000000e+00
1.200000000000000178e+00 0.000000000000000000e+00
1.600000000000000089e+00 0.000000000000000000e+00
2.000000000000000000e+00 0.000000000000000000e+00
2.400000000000000355e+00 0.000000000000000000e+00
2.800000000000000266e+00 0.000000000000000000e+00
3.200000000000000178e+00 0.000000000000000000e+00
3.600000000000000089e+00 0.000000000000000000e+00
4.000000000000000000e+00 0.000000000000000000e+00
4.400000000000000355e+00 0.000000000000000000e+00
4.800000000000000711e+00 0.000000000000000000e+00
5.200000000000000178e+00 0.000000000000000000e+00
5.600000000000000533e+00 0.000000000000000000e+00
6.000000000000000000e+00 0.000000000000000000e+00
6.400000000000000355e+00 0.000000000000000000e+00
6.800000000000000711e+00 0.000000000000000000e+00
7.200000000000000178e+00 0.000000000000000000e+00
7.600000000000000533e+00 0.000000000000000000e+00
8.000000000000000000e+00 0.000000000000000000e+00
8.400000000000000355e+00 0.000000000000000000e+00
8.800000000000000711e+00 0.000000000000000000e+00
9.200000000000001066e+00 0.000000000000000000e+00
9.600000000000001421e+00 0.000000000000000000e+00
1.000000000000000000e+01 0.000000000000000000e+00
1.040000000000000036e+01 0.000000000000000000e+00
1.080000000000000071e+01 0.000000000000000000e+00
1.120000000000000107e+01 0.000000000000000000e+00
1.160000000000000142e+01 0.000000000000000000e+00
1.200000000000000000e+01 0.000000000000000000e+00
1.240000000000000036e+01 0.000000000000000000e+00
1.280000000000000071e+01 0.000000000000000000e+00
1.320000000000000107e+01 0.000000000000000000e+00
1.360000000000000142e+01 0.000000000000000000e+00
1.400000000000000000e+01 0.000000000000000000e+00
1.440000000000000036e+01 0.000000000000000000e+00
1.480000000000000071e+01 0.000000000000000000e+00
1.520000000000000107e+01 0.000000000000000000e+00
1.560000000000000142e+01 0.000000000000000000e+00
1.600000000000000000e+01 0.000000000000000000e+00
1.640000000000000213e+01 0.000000000000000000e+00
1.680000000000000071e+01 0.000000000000000000e+00
1.719999999999999929e+01 0.000000000000000000e+00
1.760000000000000142e+01 0.000000000000000000e+00
1.800000000000000000e+01 0.000000000000000000e+00
1.840000000000000213e+01 0.000000000000000000e+00
1.880000000000000071e+01 0.000000000000000000e+00
1.920000000000000284e+01 0.000000000000000000e+00
1.960000000000000142e+01 0.000000000000000000e+00
2.000000000000000000e+01 0.000000000000000000e+00
2.040000000000000213e+01 0.000000000000000000e+00
2.080000000000000071e+01 0.000000000000000000e+00
2.120000000000000284e+01 0.000000000000000000e+00
2.160000000000000142e+01 0.000000000000000000e+00
2.200000000000000000e+01 0.000000000000000000e+00
2.240000000000000213e+01 0.000000000000000000e+00
2.280000000000000071e+01 0.000000000000000000e+00
2.320000000000000284e+01 0.000000000000000000e+00
2.360000000000000142e+01 0.000000000000000000e+00
2.400000000000000000e+01 0.000000000000000000e+00
2.440000000000000213e+01 0.000000000000000000e+00
2.480000000000000071e+01 0.000000000000000000e+00
2.520000000000000284e+01 0.000000000000000000e+00
2.560000000000000142e+01 0.000000000000000000e+00
2.600000000000000000e+01 0.000000000000000000e+00
2.640000000000000213e+01 0.000000000000000000e+00
2.680000000000000071e+01 2.428083296472095043e+01
2.720000000000000284e+01 7.187737867995693364e+01
2.760000000000000142e+01 1.338493482653182127e+02
2.800000000000000000e+01 2.011246260745852510e+02
2.840000000000000213e+01 2.625797267141776956e+02
2.880000000000000071e+01 3.085890496500393283e+02
2.920000000000000284e+01 3.338500290769384264e+02
2.960000000000000142e+01 3.382627699704091242e+02
3.000000000000000000e+01 3.256688255266502097e+02
3.040000000000000213e+01 3.013367839415419667e+02
3.080000000000000071e+01 2.696018630054040841e+02
3.120000000000000284e+01 2.327714255797330907e+02
3.160000000000000142e+01 1.915516505928309527e+02
3.200000000000000000e+01 1.463905724081304527e+02
3.239999999999999858e+01 9.875450935796501994e+01
3.280000000000000426e+01 5.158502458688448655e+01
3.320000000000000284e+01 8.773546343866939878e+00
3.360000000000000142e+01 -2.596021358361397802e+01
3.400000000000000000e+01 -5.017350413985167279e+01
3.439999999999999858e+01 -6.330276334861204646e+01
3.480000000000000426e+01 -6.658982273129154805e+01
3.520000000000000284e+01 -6.245902812013167704e+01
3.560000000000000142e+01 -5.364226943350695365e+01
3.600000000000000000e+01 -4.237847525250907665e+01
3.639999999999999858e+01 -2.994424923955173767e+01
3.680000000000000426e+01 -1.664033020723277900e+01
3.720000000000000284e+01 -2.188640792419590753e+00
3.760000000000000142e+01 1.367483739424989153e+01
3.800000000000000000e+01 3.072494809305082697e+01
3.840000000000000568e+01 4.815743199664283480e+01
3.880000000000000426e+01 6.494654601312987552e+01
3.920000000000000284e+01 8.044036514538538540e+01
3.960000000000000142e+01 9.481113023448769184e+01
4.000000000000000000e+01 1.090380587634139005e+02
4.040000000000000568e+01 1.243815347261126192e+02
4.080000000000000426e+01 1.416372004559830486e+02
4.120000000000000284e+01 1.606116650901713285e+02
4.160000000000000142e+01 1.801270900435163185e+02
4.200000000000000000e+01 1.985299206664340659e+02
4.240000000000000568e+01 2.143770999107165665e+02
4.280000000000000426e+01 2.268988321132061685e+02
4.320000000000000284e+01 2.360196410122936470e+02
4.360000000000000142e+01 2.420145998580577782e+02
4.400000000000000000e+01 2.450854953354227632e+02
4.440000000000000568e+01 2.451469010984305612e+02
4.480000000000000426e+01 2.419419809522287039e+02
4.520000000000000284e+01 2.353875864505433810e+02
4.560000000000000142e+01 2.259088448646058964e+02
4.600000000000000000e+01 2.145315615977012271e+02
4.640000000000000568e+01 2.026399788029961258e+02
4.680000000000000426e+01 1.914990259181981855e+02
4.720000000000000284e+01 1.817821526968209582e+02
4.760000000000000142e+01 1.733590115682657995e+02
4.800000000000000000e+01 1.654676720167393000e+02
4.840000000000000568e+01 1.571906387426618892e+02
4.880000000000000426e+01 1.479892571125786844e+02
4.920000000000000284e+01 1.380240840010520174e+02
4.960000000000000142e+01 1.281138254615355550e+02
5.000000000000000000e+01 1.193843938413905050e+02
5.040000000000000568e+01 1.128140415131740326e+02
5.080000000000000426e+01 1.089070735689550986e+02
5.120000000000000284e+01 1.076253863358319762e+02
5.160000000000000142e+01 1.085451239648661499e+02
5.200000000000000000e+01 1.110814498068935166e+02
5.240000000000000568e+01 1.146062666404904178e+02
5.280000000000000426e+01 1.183795274459676676e+02
5.320000000000000284e+01 1.213684415756176804e+02
5.360000000000000142e+01 1.221461956781347595e+02
5.400000000000000000e+01 1.190593572794537351e+02
5.440000000000000568e+01 1.107114258042723236e+02
5.480000000000000426e+01 9.659860982420593700e+01
5.520000000000000284e+01 7.758181818195679114e+01
5.560000000000000142e+01 5.589676694998887285e+01
5.600000000000000000e+01 3.460602872484746229e+01
5.640000000000000568e+01 1.667905780401257232e+01
5.680000000000000426e+01 4.086204216281842605e+00
5.720000000000000284e+01 0.000000000000000000e+00
5.760000000000000142e+01 0.000000000000000000e+00
5.800000000000000000e+01 0.000000000000000000e+00
5.840000000000000568e+01 0.000000000000000000e+00
5.880000000000000426e+01 0.000000000000000000e+00
5.920000000000000284e+01 0.000000000000000000e+00
5.960000000000000142e+01 0.000000000000000000e+00
6.000000000000000000e+01 0.000000000000000000e+00
6.040000000000000568e+01 0.000000000000000000e+00
6.080000000000000426e+01 0.000000000000000000e+00
6.120000000000000284e+01 0.000000000000000000e+00
6.160000000000000142e+01 0.000000000000000000e+00
6.200000000000000000e+01 0.000000000000000000e+00
6.240000000000000568e+01 0.000000000000000000e+00
6.280000000000000426e+01 0.000000000000000000e+00
6.320000000000000284e+01 0.000000000000000000e+00
6.360000000000000142e+01 0.000000000000000000e+00
6.400000000000000000e+01 0.000000000000000000e+00
6.440000000000000568e+01 0.000000000000000000e+00
6.479999999999999716e+01 0.000000000000000000e+00
6.520000000000000284e+01 0.000000000000000000e+00
6.560000000000000853e+01 0.000000000000000000e+00
6.600000000000000000e+01 0.000000000000000000e+00
6.640000000000000568e+01 0.000000000000000000e+00
6.679999999999999716e+01 0.000000000000000000e+00
6.720000000000000284e+01 0.000000000000000000e+00
6.760000000000000853e+01 0.000000000000000000e+00
6.800000000000000000e+01 0.000000000000000000e+00
6.840000000000000568e+01 0.000000000000000000e+00
6.879999999999999716e+01 0.000000000000000000e+00
6.920000000000000284e+01 0.000000000000000000e+00
6.960000000000000853e+01 0.000000000000000000e+00
7.000000000000000000e+01 0.000000000000000000e+00
7.040000000000000568e+01 0.000000000000000000e+00
7.079999999999999716e+01 0.000000000000000000e+00
7.120000000000000284e+01 0.000000000000000000e+00
7.160000000000000853e+01 0.000000000000000000e+00
7.200000000000000000e+01 0.000000000000000000e+00
7.240000000000000568e+01 0.000000000000000000e+00
7.279999999999999716e+01 0.000000000000000000e+00
7.320000000000000284e+01 0.000000000000000000e+00
7.360000000000000853e+01 0.000000000000000000e+00
7.400000000000000000e+01 0.000000000000000000e+00
7.440000000000000568e+01 0.000000000000000000e+00
7.479999999999999716e+01 0.000000000000000000e+00
7.520000000000000284e+01 0.000000000000000000e+00
7.560000000000000853e+01 0.000000000000000000e+00
7.600000000000000000e+01 0.000000000000000000e+00
7.640000000000000568e+01 0.000000000000000000e+00
7.680000000000001137e+01 0.000000000000000000e+00
7.720000000000000284e+01 0.000000000000000000e+00
7.760000000000000853e+01 0.000000000000000000e+00
7.800000000000000000e+01 0.000000000000000000e+00
7.840000000000000568e+01 0.000000000000000000e+00
7.880000000000001137e+01 0.000000000000000000e+00
7.920000000000000284e+01 0.000000000000000000e+00
7.960000000000000853e+01 0.000000000000000000e+00
8.000000000000000000e+01 0.000000000000000000e+00
8.040000000000000568e+01 0.000000000000000000e+00
8.080000000000001137e+01 0.000000000000000000e+00
8.120000000000000284e+01 0.000000000000000000e+00
8.160000000000000853e+01 0.000000000000000000e+00
8.200000000000000000e+01 0.000000000000000000e+00
8.240000000000000568e+01 0.000000000000000000e+00
8.280000000000001137e+01 0.000000000000000000e+00
8.320000000000000284e+01 0.000000000000000000e+00
8.360000000000000853e+01 0.000000000000000000e+00
8.400000000000000000e+01 0.000000000000000000e+00
8.440000000000000568e+01 0.000000000000000000e+00
8.480000000000001137e+01 0.000000000000000000e+00
8.520000000000000284e+01 0.000000000000000000e+00
8.560000000000000853e+01 0.000000000000000000e+00
8.600000000000000000e+01 0.000000000000000000e+00
8.640000000000000568e+01 0.000000000000000000e+00
8.680000000000001137e+01 0.000000000000000000e+00
8.720000000000000284e+01 0.000000000000000000e+00
8.760000000000000853e+01 0.000000000000000000e+00
8.800000000000000000e+01 0.000000000000000000e+00
8.840000000000000568e+01 0.000000000000000000e+00
8.880000000000001137e+01 0.000000000000000000e+00
8.920000000000000284e+01 0.000000000000000000e+00
8.960000000000000853e+01 0.000000000000000000e+00
9.000000000000000000e+01 0.000000000000000000e+00
9.040000000000000568e+01 0.000000000000000000e+00
9.080000000000001137e+01 0.000000000000000000e+00
9.120000000000000284e+01 0.000000000000000000e+00
9.160000000000000853e+01 0.000000000000000000e+00
9.200000000000000000e+01 0.000000000000000000e+00
9.240000000000000568e+01 0.000000000000000000e+00
9.280000000000001137e+01 0.000000000000000000e+00
9.320000000000000284e+01 0.000000000000000000e+00
9.360000000000000853e+01 0.000000000000000000e+00
9.400000000000000000e+01 0.000000000000000000e+00
9.440000000000000568e+01 0.000000000000000000e+00
9.480000000000001137e+01 0.000000000000000000e+00
9.520000000000000284e+01 0.000000000000000000e+00
9.560000000000000853e+01 0.000000000000000000e+00
9.600000000000000000e+01 0.000000000000000000e+00
9.640000000000000568e+01 0.000000000000000000e+00
9.680000000000001137e+01 0.000000000000000000e+00
9.720000000000000284e+01 0.000000000000000000e+00
9.760000000000000853e+01 0.000000000000000000e+00
9.800000000000000000e+01 0.000000000000000000e+00
9.840000000000000568e+01 0.000000000000000000e+00
9.880000000000001137e+01 0.000000000000000000e+00
9.920000000000000284e+01 0.000000000000000000e+00
9.960000000000000853e+01 0.000000000000000000e+00
1.000000000000000000e+02 0.000000000000000000e+00
1.004000000000000057e+02 0.000000000000000000e+00
1.008000000000000114e+02 0.000000000000000000e+00
1.012000000000000028e+02 0.000000000000000000e+00
1.016000000000000085e+02 0.000000000000000000e+00
1.020000000000000000e+02 0.000000000000000000e+00
1.024000000000000057e+02 0.000000000000000000e+00
1.028000000000000114e+02 0.000000000000000000e+00
1.032000000000000028e+02 0.000000000000000000e+00
1.036000000000000085e+02 0.000000000000000000e+00
1.040000000000000000e+02 0.000000000000000000e+00
1.044000000000000057e+02 0.000000000000000000e+00
1.048000000000000114e+02 0.000000000000000000e+00
1.052000000000000028e+02 0.000000000000000000e+00
1.056000000000000085e+02 0.000000000000000000e+00
1.060000000000000000e+02 0.000000000000000000e+00
1.064000000000000057e+02 0.000000000000000000e+00
1.068000000000000114e+02 0.000000000000000000e+00
1.072000000000000028e+02 0.000000000000000000e+00
1.076000000000000085e+02 0.000000000000000000e+00
1.080000000000000000e+02 0.000000000000000000e+00
1.084000000000000057e+02 0.000000000000000000e+00
1.088000000000000114e+02 0.000000000000000000e+00
1.092000000000000028e+02 0.000000000000000000e+00
1.096000000000000085e+02 0.000000000000000000e+00
1.100000000000000000e+02 0.000000000000000000e+00
1.104000000000000057e+02 0.000000000000000000e+00
1.108000000000000114e+02 0.000000000000000000e+00
1.112000000000000028e+02 0.000000000000000000e+00
1.116000000000000085e+02 0.000000000000000000e+00
1.120000000000000000e+02 0.000000000000000000e+00
1.124000000000000057e+02 0.000000000000000000e+00
1.128000000000000114e+02 0.000000000000000000e+00
1.132000000000000028e+02 0.000000000000000000e+00
1.136000000000000085e+02 0.000000000000000000e+00
1.140000000000000000e+02 0.000000000000000000e+00
1.144000000000000057e+02 0.000000000000000000e+00
1.148000000000000114e+02 0.000000000000000000e+00
1.152000000000000028e+02 0.000000000000000000e+00
1.156000000000000085e+02 0.000000000000000000e+00
1.160000000000000000e+02 0.000000000000000000e+00
1.164000000000000057e+02 0.000000000000000000e+00
1.168000000000000114e+02 0.000000000000000000e+00
1.172000000000000028e+02 0.000000000000000000e+00
1.176000000000000085e+02 0.000000000000000000e+00
1.180000000000000000e+02 0.000000000000000000e+00
1.184000000000000057e+02 0.000000000000000000e+00
1.188000000000000114e+02 0.000000000000000000e+00
1.192000000000000028e+02 0.000000000000000000e+00
1.196000000000000085e+02 0.000000000000000000e+00
1.200000000000000000e+02 0.000000000000000000e+00
1.204000000000000057e+02 0.000000000000000000e+00
1.208000000000000114e+02 0.000000000000000000e+00
1.212000000000000028e+02 0.000000000000000000e+00
1.216000000000000085e+02 0.000000000000000000e+00
1.220000000000000000e+02 0.000000000000000000e+00
1.224000000000000057e+02 0.000000000000000000e+00
1.228000000000000114e+02 0.000000000000000000e+00
1.232000000000000028e+02 0.000000000000000000e+00
1.236000000000000085e+02 0.000000000000000000e+00
1.240000000000000000e+02 0.000000000000000000e+00
1.244000000000000057e+02 0.000000000000000000e+00
1.248000000000000114e+02 0.000000000000000000e+00
1.252000000000000028e+02 0.000000000000000000e+00
1.256000000000000085e+02 0.000000000000000000e+00
1.260000000000000000e+02 0.000000000000000000e+00
1.264000000000000057e+02 0.000000000000000000e+00
1.268000000000000114e+02 0.000000000000000000e+00
1.272000000000000028e+02 0.000000000000000000e+00
1.276000000000000085e+02 0.000000000000000000e+00
1.280000000000000000e+02 0.000000000000000000e+00
1.284000000000000057e+02 0.000000000000000000e+00
1.288000000000000114e+02 0.000000000000000000e+00
1.292000000000000171e+02 0.000000000000000000e+00
1.295999999999999943e+02 0.000000000000000000e+00
1.300000000000000000e+02 0.000000000000000000e+00
1.304000000000000057e+02 0.000000000000000000e+00
1.308000000000000114e+02 0.000000000000000000e+00
1.312000000000000171e+02 0.000000000000000000e+00
1.315999999999999943e+02 0.000000000000000000e+00
1.320000000000000000e+02 0.000000000000000000e+00
1.324000000000000057e+02 0.000000000000000000e+00
1.328000000000000114e+02 0.000000000000000000e+00
1.332000000000000171e+02 0.000000000000000000e+00
1.335999999999999943e+02 0.000000000000000000e+00
1.340000000000000000e+02 0.000000000000000000e+00
1.344000000000000057e+02 0.000000000000000000e+00
1.348000000000000114e+02 0.000000000000000000e+00
1.352000000000000171e+02 0.000000000000000000e+00
1.355999999999999943e+02 0.000000000000000000e+00
1.360000000000000000e+02 0.000000000000000000e+00
1.364000000000000057e+02 0.000000000000000000e+00
1.368000000000000114e+02 0.000000000000000000e+00
1.372000000000000171e+02 0.000000000000000000e+00
1.375999999999999943e+02 0.000000000000000000e+00
1.380000000000000000e+02 0.000000000000000000e+00
1.384000000000000057e+02 0.000000000000000000e+00
1.388000000000000114e+02 0.000000000000000000e+00
1.392000000000000171e+02 0.000000000000000000e+00
1.395999999999999943e+02 0.000000000000000000e+00
1.400000000000000000e+02 0.000000000000000000e+00
1.404000000000000057e+02 0.000000000000000000e+00
1.408000000000000114e+02 0.000000000000000000e+00
1.412000000000000171e+02 0.000000000000000000e+00
1.415999999999999943e+02 0.000000000000000000e+00
1.420000000000000000e+02 0.000000000000000000e+00
1.424000000000000057e+02 0.000000000000000000e+00
1.428000000000000114e+02 0.000000000000000000e+00
1.432000000000000171e+02 0.000000000000000000e+00
1.435999999999999943e+02 0.000000000000000000e+00
1.440000000000000000e+02 0.000000000000000000e+00
1.444000000000000057e+02 0.000000000000000000e+00
1.448000000000000114e+02 0.000000000000000000e+00
1.452000000000000171e+02 0.000000000000000000e+00
1.455999999999999943e+02 0.000000000000000000e+00
1.460000000000000000e+02 0.000000000000000000e+00
1.464000000000000057e+02 0.000000000000000000e+00
1.468000000000000114e+02 0.000000000000000000e+00
1.472000000000000171e+02 0.000000000000000000e+00
1.475999999999999943e+02 0.000000000000000000e+00
1.480000000000000000e+02 0.000000000000000000e+00
1.484000000000000057e+02 0.000000000000000000e+00
1.488000000000000114e+02 0.000000000000000000e+00
1.492000000000000171e+02 0.000000000000000000e+00
1.495999999999999943e+02 0.000000000000000000e+00
1.500000000000000000e+02 0.000000000000000000e+00
1.504000000000000057e+02 0.000000000000000000e+00
1.508000000000000114e+02 0.000000000000000000e+00
1.512000000000000171e+02 0.000000000000000000e+00
1.515999999999999943e+02 0.000000000000000000e+00
1.520000000000000000e+02 0.000000000000000000e+00
1.524000000000000057e+02 0.000000000000000000e+00
1.528000000000000114e+02 0.000000000000000000e+00
1.532000000000000171e+02 0.000000000000000000e+00
1.536000000000000227e+02 0.000000000000000000e+00
1.540000000000000000e+02 0.000000000000000000e+00
1.544000000000000057e+02 0.000000000000000000e+00
1.548000000000000114e+02 0.000000000000000000e+00
1.552000000000000171e+02 0.000000000000000000e+00
1.556000000000000227e+02 0.000000000000000000e+00
1.560000000000000000e+02 0.000000000000000000e+00
1.564000000000000057e+02 0.000000000000000000e+00
1.568000000000000114e+02 0.000000000000000000e+00
1.572000000000000171e+02 0.000000000000000000e+00
1.576000000000000227e+02 0.000000000000000000e+00
1.580000000000000000e+02 0.000000000000000000e+00
1.584000000000000057e+02 0.000000000000000000e+00
1.588000000000000114e+02 0.000000000000000000e+00
1.592000000000000171e+02 0.000000000000000000e+00
1.596000000000000227e+02 0.000000000000000000e+00
1.600000000000000000e+02 0.000000000000000000e+00
1.604000000000000057e+02 0.000000000000000000e+00
1.608000000000000114e+02 0.000000000000000000e+00
1.612000000000000171e+02 0.000000000000000000e+00
1.616000000000000227e+02 0.000000000000000000e+00
1.620000000000000000e+02 0.000000000000000000e+00
1.624000000000000057e+02 0.000000000000000000e+00
1.628000000000000114e+02 0.000000000000000000e+00
1.632000000000000171e+02 0.000000000000000000e+00
1.636000000000000227e+02 0.000000000000000000e+00
1.640000000000000000e+02 0.000000000000000000e+00
1.644000000000000057e+02 0.000000000000000000e+00
1.648000000000000114e+02 0.000000000000000000e+00
1.652000000000000171e+02 0.000000000000000000e+00
1.656000000000000227e+02 0.000000000000000000e+00
1.660000000000000000e+02 0.000000000000000000e+00
1.664000000000000057e+02 0.000000000000000000e+00
1.668000000000000114e+02 0.000000000000000000e+00
1.672000000000000171e+02 0.000000000000000000e+00
1.676000000000000227e+02 0.000000000000000000e+00
1.680000000000000000e+02 0.000000000000000000e+00
1.684000000000000057e+02 0.000000000000000000e+00
1.688000000000000114e+02 0.000000000000000000e+00
1.692000000000000171e+02 0.000000000000000000e+00
1.696000000000000227e+02 0.000000000000000000e+00
1.700000000000000000e+02 0.000000000000000000e+00
1.704000000000000057e+02 0.000000000000000000e+00
1.708000000000000114e+02 0.000000000000000000e+00
1.712000000000000171e+02 0.000000000000000000e+00
1.716000000000000227e+02 0.000000000000000000e+00
1.720000000000000000e+02 0.000000000000000000e+00
1.724000000000000057e+02 0.000000000000000000e+00
1.728000000000000114e+02 0.000000000000000000e+00
1.732000000000000171e+02 0.000000000000000000e+00
1.736000000000000227e+02 0.000000000000000000e+00
1.740000000000000000e+02 0.000000000000000000e+00
1.744000000000000057e+02 0.000000000000000000e+00
1.748000000000000114e+02 0.000000000000000000e+00
1.752000000000000171e+02 0.000000000000000000e+00
1.756000000000000227e+02 0.000000000000000000e+00
1.760000000000000000e+02 0.000000000000000000e+00
1.764000000000000057e+02 0.000000000000000000e+00
1.768000000000000114e+02 0.000000000000000000e+00
1.772000000000000171e+02 0.000000000000000000e+00
1.776000000000000227e+02 0.000000000000000000e+00
1.780000000000000000e+02 0.000000000000000000e+00
1.784000000000000057e+02 0.000000000000000000e+00
1.788000000000000114e+02 0.000000000000000000e+00
1.792000000000000171e+02 0.000000000000000000e+00
1.796000000000000227e+02 0.000000000000000000e+00
1.800000000000000000e+02 0.000000000000000000e+00
1.804000000000000057e+02 0.000000000000000000e+00
1.808000000000000114e+02 0.000000000000000000e+00
1.812000000000000171e+02 0.000000000000000000e+00
1.816000000000000227e+02 0.000000000000000000e+00
1.820000000000000000e+02 0.000000000000000000e+00
1.824000000000000057e+02 0.000000000000000000e+00
1.828000000000000114e+02 0.000000000000000000e+00
1.832000000000000171e+02 0.000000000000000000e+00
1.836000000000000227e+02 0.000000000000000000e+00
1.840000000000000000e+02 0.000000000000000000e+00
1.844000000000000057e+02 0.000000000000000000e+00
1.848000000000000114e+02 0.000000000000000000e+00
1.852000000000000171e+02 0.000000000000000000e+00
1.856000000000000227e+02 0.000000000000000000e+00
1.860000000000000000e+02 0.000000000000000000e+00
1.864000000000000057e+02 0.000000000000000000e+00
1.868000000000000114e+02 0.000000000000000000e+00
1.872000000000000171e+02 0.000000000000000000e+00
1.876000000000000227e+02 0.000000000000000000e+00
1.880000000000000000e+02 0.000000000000000000e+00
1.884000000000000057e+02 0.000000000000000000e+00
1.888000000000000114e+02 0.000000000000000000e+00
1.892000000000000171e+02 0.000000000000000000e+00
1.896000000000000227e+02 0.000000000000000000e+00
1.900000000000000000e+02 0.000000000000000000e+00
1.904000000000000057e+02 0.000000000000000000e+00
1.908000000000000114e+02 0.000000000000000000e+00
1.912000000000000171e+02 0.000000000000000000e+00
1.916000000000000227e+02 0.000000000000000000e+00
1.920000000000000000e+02 0.000000000000000000e+00
1.924000000000000057e+02 0.000000000000000000e+00
1.928000000000000114e+02 0.000000000000000000e+00
1.932000000000000171e+02 0.000000000000000000e+00
1.936000000000000227e+02 0.000000000000000000e+00
1.940000000000000000e+02 0.000000000000000000e+00
1.944000000000000057e+02 0.000000000000000000e+00
1.948000000000000114e+02 0.000000000000000000e+00
1.952000000000000171e+02 0.000000000000000000e+00
1.956000000000000227e+02 0.000000000000000000e+00
1.960000000000000000e+02 0.000000000000000000e+00
1.964000000000000057e+02 0.000000000000000000e+00
1.968000000000000114e+02 0.000000000000000000e+00
1.972000000000000171e+02 0.000000000000000000e+00
1.976000000000000227e+02 0.000000000000000000e+00
1.980000000000000000e+02 0.000000000000000000e+00
1.984000000000000057e+02 0.000000000000000000e+00
1.988000000000000114e+02 0.000000000000000000e+00
1.992000000000000171e+02 0.000000000000000000e+00
1.996000000000000227e+02 0.000000000000000000e+00
