0  0
0.00949536  0.0662904
0.0189907  0.133572
0.0284861  0.215363
0.0379814  0.309076
0.0474768  0.410903
0.0569722  0.517035
0.0664675  0.624286
0.0759629  0.730315
0.0854582  0.833577
0.0949536  0.933165
0.104449  1.02862
0.113944  1.11979
0.12344  1.20672
0.132935  1.28954
0.14243  1.36848
0.151926  1.44376
0.161421  1.51563
0.170916  1.58434
0.180412  1.65011
0.189907  1.71316
0.199403  1.77369
0.208898  1.83188
0.218393  1.88791
0.227889  1.94194
0.237384  1.9941
0.246879  2.04454
0.256375  2.09335
0.26587  2.14067
0.275365  2.18658
0.284861  2.23118
0.294356  2.27456
0.303852  2.31679
0.313347  2.35795
0.322842  2.3981
0.332338  2.43731
0.341833  2.47562
0.351328  2.5131
0.360824  2.54979
0.370319  2.58574
0.379814  2.62099
0.38931  2.65559
0.398805  2.68956
0.408301  2.72294
0.417796  2.75577
0.427291  2.78808
0.436787  2.81989
0.446282  2.85123
0.455777  2.88213
0.465273  2.91261
0.474768  2.94269
0.484263  2.97239
0.493759  3.00174
0.503254  3.03075
0.512749  3.05944
0.522245  3.08783
0.53174  3.11593
0.541236  3.14375
0.550731  3.17132
0.560226  3.19865
0.569722  3.22574
0.579217  3.25262
0.588712  3.27929
0.598208  3.30577
0.607703  3.33206
0.617198  3.35817
0.626694  3.38412
0.636189  3.40992
0.645685  3.43556
0.65518  3.46107
0.664675  3.48645
0.674171  3.51171
0.683666  3.53685
0.693161  3.56188
0.702657  3.58682
0.712152  3.61165
0.721647  3.6364
0.731143  3.66107
0.740638  3.68566
0.750133  3.71017
0.759629  3.73462
0.769124  3.75901
0.77862  3.78334
0.788115  3.80762
0.79761  3.83186
0.807106  3.85604
0.816601  3.88019
0.826096  3.90431
0.835592  3.92839
0.845087  3.95244
0.854582  3.97646
0.864078  4.00047
0.873573  4.02445
0.883069  4.04842
0.892564  4.07237
0.902059  4.09631
0.911555  4.12025
0.92105  4.14417
0.930545  4.1681
0.940041  4.19202
0.949536  4.21593
0.959031  4.23985
0.968527  4.26378
0.978022  4.2877
0.987518  4.31163
0.997013  4.33557
1.00651  4.35952
1.016  4.38347
1.0255  4.40744
1.03499  4.43141
1.04449  4.45539
1.05399  4.47939
1.06348  4.50339
1.07298  4.52741
1.08247  4.55144
1.09197  4.57548
1.10146  4.59953
1.11096  4.62359
1.12045  4.64766
1.12995  4.67174
1.13944  4.69582
1.14894  4.71991
1.15843  4.74401
1.16793  4.76811
1.17742  4.79222
1.18692  4.81632
1.19642  4.84042
1.20591  4.86452
1.21541  4.88861
1.2249  4.9127
1.2344  4.93677
1.24389  4.96082
1.25339  4.98486
1.26288  5.00888
1.27238  5.03287
1.28187  5.05683
1.29137  5.08076
1.30086  5.10465
1.31036  5.1285
1.31986  5.1523
1.32935  5.17604
1.33885  5.19973
1.34834  5.22335
1.35784  5.2469
1.36733  5.27037
1.37683  5.29375
1.38632  5.31705
1.39582  5.34024
1.40531  5.36332
1.41481  5.38629
1.4243  5.40913
1.4338  5.43184
1.44329  5.4544
1.45279  5.4768
1.46229  5.49904
1.47178  5.52111
1.48128  5.54298
1.49077  5.56466
1.50027  5.58612
1.50976  5.60736
1.51926  5.62837
1.52875  5.64911
1.53825  5.6696
1.54774  5.6898
1.55724  5.70971
1.56673  5.72931
1.57623  5.74858
1.58573  5.7675
1.59522  5.78607
1.60472  5.80426
1.61421  5.82206
1.62371  5.83944
1.6332  5.8564
1.6427  5.87291
1.65219  5.88895
1.66169  5.90451
1.67118  5.91958
1.68068  5.93412
1.69017  5.94812
1.69967  5.96157
1.70916  5.97445
1.71866  5.98674
1.72816  5.99843
1.73765  6.0095
1.74715  6.01994
1.75664  6.02973
1.76614  6.03886
1.77563  6.04732
1.78513  6.0551
1.79462  6.06219
1.80412  6.06859
1.81361  6.07429
1.82311  6.07929
1.8326  6.08358
1.8421  6.08718
1.8516  6.09007
1.86109  6.09228
1.87059  6.0938
1.88008  6.09465
1.88958  6.09484
1.89907  6.09438
1.90857  6.09329
1.91806  6.09159
1.92756  6.08931
1.93705  6.08646
1.94655  6.08307
1.95604  6.07916
1.96554  6.07477
1.97504  6.06992
1.98453  6.06465
1.99403  6.05898
2.00352  6.05295
2.01302  6.04659
2.02251  6.03993
2.03201  6.033
2.0415  6.02584
2.051  6.01848
2.06049  6.01095
2.06999  6.00327
2.07948  5.99548
2.08898  5.98761
2.09847  5.97968
2.10797  5.97173
2.11747  5.96376
2.12696  5.95582
2.13646  5.94791
2.14595  5.94007
2.15545  5.9323
2.16494  5.92463
2.17444  5.91707
2.18393  5.90965
2.19343  5.90236
2.20292  5.89523
2.21242  5.88826
2.22191  5.88147
2.23141  5.87486
2.24091  5.86844
2.2504  5.86222
2.2599  5.8562
2.26939  5.85038
2.27889  5.84478
2.28838  5.83939
2.29788  5.83422
2.30737  5.82927
2.31687  5.82453
2.32636  5.82001
2.33586  5.81572
2.34535  5.81164
2.35485  5.80777
2.36434  5.80413
2.37384  5.80069
2.38334  5.79747
2.39283  5.79446
2.40233  5.79166
2.41182  5.78906
2.42132  5.78667
2.43081  5.78447
2.44031  5.78246
2.4498  5.78065
2.4593  5.77903
2.46879  5.7776
2.47829  5.77634
2.48778  5.77527
2.49728  5.77437
2.50678  5.77364
2.51627  5.77308
2.52577  5.77268
2.53526  5.77244
2.54476  5.77236
2.55425  5.77244
2.56375  5.77266
2.57324  5.77303
2.58274  5.77354
2.59223  5.77419
2.60173  5.77498
2.61122  5.7759
2.62072  5.77695
2.63021  5.77812
2.63971  5.77942
2.64921  5.78084
2.6587  5.78237
2.6682  5.78402
2.67769  5.78578
2.68719  5.78764
2.69668  5.78962
2.70618  5.79169
2.71567  5.79386
2.72517  5.79613
2.73466  5.79849
2.74416  5.80095
2.75365  5.80349
2.76315  5.80612
2.77265  5.80883
2.78214  5.81163
2.79164  5.8145
2.80113  5.81745
2.81063  5.82047
2.82012  5.82357
2.82962  5.82673
2.83911  5.82996
2.84861  5.83326
2.8581  5.83662
2.8676  5.84005
2.87709  5.84353
2.88659  5.84707
2.89609  5.85066
2.90558  5.85431
2.91508  5.85801
2.92457  5.86175
2.93407  5.86555
2.94356  5.86939
2.95306  5.87327
2.96255  5.8772
2.97205  5.88117
2.98154  5.88517
2.99104  5.88921
3.00053  5.89329
3.01003  5.8974
3.01952  5.90154
3.02902  5.90571
3.03852  5.90991
3.04801  5.91414
3.05751  5.91839
3.067  5.92266
3.0765  5.92696
3.08599  5.93127
3.09549  5.9356
3.10498  5.93995
3.11448  5.94432
3.12397  5.9487
3.13347  5.95309
3.14296  5.95749
3.15246  5.9619
3.16196  5.96631
3.17145  5.97073
3.18095  5.97516
3.19044  5.97959
3.19994  5.98401
3.20943  5.98844
3.21893  5.99287
3.22842  5.99729
3.23792  6.0017
3.24741  6.00611
3.25691  6.01051
3.2664  6.01489
3.2759  6.01927
3.28539  6.02363
3.29489  6.02798
3.30439  6.03231
3.31388  6.03662
3.32338  6.04091
3.33287  6.04518
3.34237  6.04942
3.35186  6.05364
3.36136  6.05784
3.37085  6.062
3.38035  6.06614
3.38984  6.07024
3.39934  6.07431
3.40883  6.07835
3.41833  6.08235
3.42783  6.08632
3.43732  6.09024
3.44682  6.09413
3.45631  6.09797
3.46581  6.10177
3.4753  6.10552
3.4848  6.10923
3.49429  6.11289
3.50379  6.1165
3.51328  6.12006
3.52278  6.12357
3.53227  6.12702
3.54177  6.13042
3.55126  6.13376
3.56076  6.13705
3.57026  6.14028
3.57975  6.14344
3.58925  6.14655
3.59874  6.14959
3.60824  6.15258
3.61773  6.15549
3.62723  6.15834
3.63672  6.16113
3.64622  6.16385
3.65571  6.1665
3.66521  6.16908
3.6747  6.17159
3.6842  6.17403
3.6937  6.1764
3.70319  6.1787
3.71269  6.18093
3.72218  6.18308
3.73168  6.18516
3.74117  6.18717
3.75067  6.1891
3.76016  6.19096
3.76966  6.19274
3.77915  6.19445
3.78865  6.19608
3.79814  6.19764
3.80764  6.19913
3.81713  6.20053
3.82663  6.20187
3.83613  6.20313
3.84562  6.20431
3.85512  6.20542
3.86461  6.20646
3.87411  6.20742
3.8836  6.20831
3.8931  6.20913
3.90259  6.20987
3.91209  6.21054
3.92158  6.21114
3.93108  6.21167
3.94057  6.21213
3.95007  6.21252
3.95957  6.21285
3.96906  6.2131
3.97856  6.21329
3.98805  6.21341
3.99755  6.21347
4.00704  6.21346
4.01654  6.21338
4.02603  6.21325
4.03553  6.21305
4.04502  6.2128
4.05452  6.21248
4.06401  6.21211
4.07351  6.21168
4.08301  6.21119
4.0925  6.21065
4.102  6.21005
4.11149  6.2094
4.12099  6.2087
4.13048  6.20794
4.13998  6.20714
4.14947  6.20629
4.15897  6.20539
4.16846  6.20444
4.17796  6.20345
4.18745  6.20242
4.19695  6.20134
4.20644  6.20022
4.21594  6.19906
4.22544  6.19786
4.23493  6.19662
4.24443  6.19535
4.25392  6.19403
4.26342  6.19268
4.27291  6.1913
4.28241  6.18988
4.2919  6.18843
4.3014  6.18695
4.31089  6.18544
4.32039  6.1839
4.32988  6.18233
4.33938  6.18073
4.34888  6.17911
4.35837  6.17746
4.36787  6.17578
4.37736  6.17408
4.38686  6.17236
4.39635  6.17061
4.40585  6.16884
4.41534  6.16705
4.42484  6.16525
4.43433  6.16342
4.44383  6.16157
4.45332  6.1597
4.46282  6.15782
4.47231  6.15592
4.48181  6.15401
4.49131  6.15207
4.5008  6.15013
4.5103  6.14817
4.51979  6.14619
4.52929  6.14421
4.53878  6.14221
4.54828  6.14019
4.55777  6.13817
4.56727  6.13613
4.57676  6.13409
4.58626  6.13203
4.59575  6.12997
4.60525  6.12789
4.61475  6.12581
4.62424  6.12371
4.63374  6.12161
4.64323  6.1195
4.65273  6.11739
4.66222  6.11526
4.67172  6.11313
4.68121  6.111
4.69071  6.10885
4.7002  6.1067
4.7097  6.10455
4.71919  6.10238
4.72869  6.10022
4.73818  6.09805
4.74768  6.09587
4.75718  6.09369
4.76667  6.0915
4.77617  6.08931
4.78566  6.08711
4.79516  6.08491
4.80465  6.08271
4.81415  6.0805
4.82364  6.07829
4.83314  6.07608
4.84263  6.07386
4.85213  6.07164
4.86162  6.06941
4.87112  6.06718
4.88062  6.06495
4.89011  6.06271
4.89961  6.06047
4.9091  6.05823
4.9186  6.05598
4.92809  6.05373
4.93759  6.05148
4.94708  6.04922
4.95658  6.04696
4.96607  6.0447
4.97557  6.04243
4.98506  6.04016
4.99456  6.03789
5.00406  6.03561
5.01355  6.03333
5.02305  6.03105
5.03254  6.02876
5.04204  6.02646
5.05153  6.02417
5.06103  6.02187
5.07052  6.01956
5.08002  6.01725
5.08951  6.01494
5.09901  6.01262
5.1085  6.01029
5.118  6.00796
5.12749  6.00563
5.13699  6.00329
5.14649  6.00095
5.15598  5.9986
5.16548  5.99624
5.17497  5.99388
5.18447  5.99151
5.19396  5.98913
5.20346  5.98675
5.21295  5.98437
5.22245  5.98197
5.23194  5.97957
5.24144  5.97716
5.25093  5.97474
5.26043  5.97232
5.26993  5.96989
5.27942  5.96744
5.28892  5.96499
5.29841  5.96254
5.30791  5.96007
5.3174  5.95759
5.3269  5.95511
5.33639  5.95261
5.34589  5.95011
5.35538  5.94759
5.36488  5.94506
5.37437  5.94252
5.38387  5.93998
5.39336  5.93742
5.40286  5.93484
5.41236  5.93226
5.42185  5.92966
5.43135  5.92705
5.44084  5.92443
5.45034  5.9218
5.45983  5.91915
5.46933  5.91648
5.47882  5.91381
5.48832  5.91111
5.49781  5.90841
5.50731  5.90569
5.5168  5.90295
5.5263  5.90019
5.5358  5.89742
5.54529  5.89464
5.55479  5.89183
5.56428  5.88901
5.57378  5.88617
5.58327  5.88332
5.59277  5.88044
5.60226  5.87755
5.61176  5.87463
5.62125  5.8717
5.63075  5.86875
5.64024  5.86577
5.64974  5.86278
5.65923  5.85976
5.66873  5.85672
5.67823  5.85366
5.68772  5.85058
5.69722  5.84748
5.70671  5.84435
5.71621  5.84119
5.7257  5.83801
5.7352  5.83481
5.74469  5.83158
5.75419  5.82832
5.76368  5.82504
5.77318  5.82174
5.78267  5.81841
5.79217  5.81505
5.80167  5.81166
5.81116  5.80825
5.82066  5.80481
5.83015  5.80134
5.83965  5.79784
5.84914  5.79431
5.85864  5.79075
5.86813  5.78716
5.87763  5.78354
5.88712  5.77989
5.89662  5.77621
5.90611  5.7725
5.91561  5.76876
5.92511  5.76498
5.9346  5.76117
5.9441  5.75732
5.95359  5.75344
5.96309  5.74953
5.97258  5.74558
5.98208  5.7416
5.99157  5.73758
6.00107  5.73352
6.01056  5.72943
6.02006  5.7253
6.02955  5.72113
6.03905  5.71693
6.04854  5.71269
6.05804  5.7084
6.06754  5.70408
6.07703  5.69972
6.08653  5.69532
6.09602  5.69087
6.10552  5.68639
6.11501  5.68186
6.12451  5.67729
6.134  5.67268
6.1435  5.66802
6.15299  5.66333
6.16249  5.65858
6.17198  5.6538
6.18148  5.64896
6.19098  5.64408
6.20047  5.63916
6.20997  5.63419
6.21946  5.62917
6.22896  5.62411
6.23845  5.61899
6.24795  5.61383
6.25744  5.60862
6.26694  5.60336
6.27643  5.59805
6.28593  5.59269
6.29542  5.58728
6.30492  5.58182
6.31441  5.57631
6.32391  5.57075
6.33341  5.56513
6.3429  5.55946
6.3524  5.55373
6.36189  5.54796
6.37139  5.54213
6.38088  5.53624
6.39038  5.5303
6.39987  5.5243
6.40937  5.51825
6.41886  5.51214
6.42836  5.50598
6.43785  5.49976
6.44735  5.49348
6.45685  5.48714
6.46634  5.48075
6.47584  5.47429
6.48533  5.46778
6.49483  5.46121
6.50432  5.45458
6.51382  5.44789
6.52331  5.44114
6.53281  5.43433
6.5423  5.42745
6.5518  5.42052
6.56129  5.41352
6.57079  5.40647
6.58028  5.39935
6.58978  5.39217
6.59928  5.38493
6.60877  5.37762
6.61827  5.37025
6.62776  5.36282
6.63726  5.35533
6.64675  5.34777
6.65625  5.34015
6.66574  5.33246
6.67524  5.32471
6.68473  5.3169
6.69423  5.30902
6.70372  5.30108
6.71322  5.29307
6.72272  5.285
6.73221  5.27687
6.74171  5.26867
6.7512  5.2604
6.7607  5.25208
6.77019  5.24368
6.77969  5.23523
6.78918  5.2267
6.79868  5.21812
6.80817  5.20947
6.81767  5.20076
6.82716  5.19198
6.83666  5.18314
6.84616  5.17423
6.85565  5.16527
6.86515  5.15624
6.87464  5.14714
6.88414  5.13799
6.89363  5.12877
6.90313  5.11949
6.91262  5.11015
6.92212  5.10075
6.93161  5.09129
6.94111  5.08176
6.9506  5.07218
6.9601  5.06254
6.96959  5.05284
6.97909  5.04308
6.98859  5.03327
6.99808  5.02339
7.00758  5.01346
7.01707  5.00348
7.02657  4.99344
7.03606  4.98335
7.04556  4.9732
7.05505  4.963
7.06455  4.95275
7.07404  4.94245
7.08354  4.9321
7.09303  4.9217
7.10253  4.91125
7.11203  4.90075
7.12152  4.89021
7.13102  4.87963
7.14051  4.869
7.15001  4.85832
7.1595  4.84761
7.169  4.83686
7.17849  4.82606
7.18799  4.81523
7.19748  4.80437
7.20698  4.79347
7.21647  4.78254
7.22597  4.77157
7.23546  4.76058
7.24496  4.74955
7.25446  4.7385
7.26395  4.72743
7.27345  4.71633
7.28294  4.70521
7.29244  4.69407
7.30193  4.68291
7.31143  4.67174
7.32092  4.66055
7.33042  4.64935
7.33991  4.63814
7.34941  4.62692
7.3589  4.61569
7.3684  4.60447
7.3779  4.59324
7.38739  4.58201
7.39689  4.57079
7.40638  4.55957
7.41588  4.54836
7.42537  4.53716
7.43487  4.52598
7.44436  4.51481
7.45386  4.50367
7.46335  4.49254
7.47285  4.48144
7.48234  4.47037
7.49184  4.45932
7.50133  4.44831
7.51083  4.43734
7.52033  4.42641
7.52982  4.41553
7.53932  4.40469
7.54881  4.3939
7.55831  4.38316
7.5678  4.37248
7.5773  4.36187
7.58679  4.35131
7.59629  4.34083
7.60578  4.33042
7.61528  4.32009
7.62477  4.30984
7.63427  4.29967
7.64377  4.28959
7.65326  4.27961
7.66276  4.26972
7.67225  4.25994
7.68175  4.25026
7.69124  4.2407
7.70074  4.23125
7.71023  4.22193
7.71973  4.21273
7.72922  4.20367
7.73872  4.19474
7.74821  4.18596
7.75771  4.17733
7.76721  4.16885
7.7767  4.16054
7.7862  4.15239
7.79569  4.14441
7.80519  4.13661
7.81468  4.129
7.82418  4.12159
7.83367  4.11437
7.84317  4.10736
7.85266  4.10056
7.86216  4.09399
7.87165  4.08764
7.88115  4.08154
7.89064  4.07568
7.90014  4.07007
7.90964  4.06472
7.91913  4.05965
7.92863  4.05485
7.93812  4.05035
7.94762  4.04614
7.95711  4.04225
7.96661  4.03867
7.9761  4.03542
7.9856  4.03252
7.99509  4.02996
8.00459  4.02777
8.01408  4.02595
8.02358  4.02453
8.03308  4.0235
8.04257  4.02288
8.05207  4.02269
8.06156  4.02295
8.07106  4.02366
8.08055  4.02483
8.09005  4.0265
8.09954  4.02866
8.10904  4.03135
8.11853  4.03456
8.12803  4.03833
8.13752  4.04268
8.14702  4.04761
8.15651  4.05315
8.16601  4.05932
8.17551  4.06614
8.185  4.07363
8.1945  4.08182
8.20399  4.09072
8.21349  4.10036
8.22298  4.11077
8.23248  4.12197
8.24197  4.13398
8.25147  4.14684
8.26096  4.16057
8.27046  4.1752
8.27995  4.19076
8.28945  4.20728
8.29895  4.22479
8.30844  4.24332
8.31794  4.2629
8.32743  4.28357
8.33693  4.30536
8.34642  4.3283
8.35592  4.35243
8.36541  4.37778
8.37491  4.40439
8.3844  4.43228
8.3939  4.4615
8.40339  4.49208
8.41289  4.52404
8.42238  4.55741
8.43188  4.59223
8.44138  4.62852
8.45087  4.6663
8.46037  4.70559
8.46986  4.7464
8.47936  4.78874
8.48885  4.8326
8.49835  4.87799
8.50784  4.92487
8.51734  4.97322
8.52683  5.023
8.53633  5.07415
8.54582  5.12659
8.55532  5.18022
8.56482  5.23493
8.57431  5.29056
8.58381  5.34695
8.5933  5.40387
8.6028  5.4611
8.61229  5.51835
8.62179  5.57528
8.63128  5.63152
8.64078  5.68666
8.65027  5.74021
8.65977  5.79164
8.66926  5.84038
8.67876  5.88577
8.68826  5.92713
8.69775  5.96373
8.70725  5.99478
8.71674  6.01947
8.72624  6.03697
8.73573  6.04646
8.74523  6.0471
8.75472  6.03812
8.76422  6.0188
8.77371  5.98849
8.78321  5.94665
8.7927  5.89289
8.8022  5.82695
8.81169  5.74877
8.82119  5.65846
8.83069  5.55631
8.84018  5.44283
8.84968  5.3187
8.85917  5.18477
8.86867  5.04205
8.87816  4.89166
8.88766  4.7348
8.89715  4.57277
8.90665  4.40683
8.91614  4.2383
8.92564  4.06839
8.93513  3.89831
8.94463  3.72913
8.95413  3.56185
8.96362  3.39734
8.97312  3.23638
8.98261  3.07959
8.99211  2.92749
9.0016  2.78051
9.0111  2.63895
9.02059  2.50301
9.03009  2.37284
9.03958  2.24847
9.04908  2.12992
9.05857  2.0171
9.06807  1.90992
9.07756  1.80817
9.08706  1.71181
9.09656  1.62059
9.10605  1.5343
9.11555  1.45271
9.12504  1.37562
9.13454  1.30279
9.14403  1.23401
9.15353  1.16907
9.16302  1.10771
9.17252  1.04975
9.18201  0.994976
9.19151  0.943202
9.201  0.894238
9.2105  0.847905
9.22  0.804035
9.22949  0.762466
9.23899  0.723043
9.24848  0.685623
9.25798  0.650067
9.26747  0.616247
9.27697  0.584039
9.28646  0.553327
9.29596  0.524
9.30545  0.495954
9.31495  0.469089
9.32444  0.443309
9.33394  0.418524
9.34343  0.394643
9.35293  0.371582
9.36243  0.349254
9.37192  0.327576
9.38142  0.30646
9.39091  0.285817
9.40041  0.265552
9.4099  0.245561
9.4194  0.225725
9.42889  0.2059
9.43839  0.185908
9.44788  0.165506
9.45738  0.144339
9.46687  0.121826
9.47637  0.09685
9.48587  0.066531
9.49536  9.88131e-324
