# tof, counts, bg
2.827960088325198740e-12,0.000000000000000000e+00,0.000000000000000000e+00
4.000000000028336444e-01,0.000000000000000000e+00,0.000000000000000000e+00
8.000000000028393288e-01,0.000000000000000000e+00,0.000000000000000000e+00
1.200000000002845013e+00,0.000000000000000000e+00,0.000000000000000000e+00
1.600000000002850697e+00,0.000000000000000000e+00,0.000000000000000000e+00
2.000000000002856382e+00,0.000000000000000000e+00,0.000000000000000000e+00
2.400000000002862066e+00,0.000000000000000000e+00,0.000000000000000000e+00
2.800000000002867750e+00,0.000000000000000000e+00,0.000000000000000000e+00
3.200000000002873435e+00,0.000000000000000000e+00,0.000000000000000000e+00
3.600000000002879119e+00,0.000000000000000000e+00,0.000000000000000000e+00
4.000000000002884804e+00,0.000000000000000000e+00,0.000000000000000000e+00
4.400000000002890488e+00,0.000000000000000000e+00,0.000000000000000000e+00
4.800000000002896172e+00,0.000000000000000000e+00,0.000000000000000000e+00
5.200000000002901857e+00,0.000000000000000000e+00,0.000000000000000000e+00
5.600000000002907541e+00,0.000000000000000000e+00,0.000000000000000000e+00
6.000000000002913225e+00,0.000000000000000000e+00,0.000000000000000000e+00
6.400000000002918910e+00,0.000000000000000000e+00,0.000000000000000000e+00
6.800000000002924594e+00,0.000000000000000000e+00,0.000000000000000000e+00
7.200000000002930278e+00,0.000000000000000000e+00,0.000000000000000000e+00
7.600000000002935963e+00,0.000000000000000000e+00,0.000000000000000000e+00
8.000000000002941647e+00,0.000000000000000000e+00,0.000000000000000000e+00
8.400000000002947331e+00,0.000000000000000000e+00,0.000000000000000000e+00
8.800000000002953016e+00,0.000000000000000000e+00,0.000000000000000000e+00
9.200000000002958700e+00,0.000000000000000000e+00,0.000000000000000000e+00
9.600000000002964384e+00,0.000000000000000000e+00,0.000000000000000000e+00
1.000000000000297007e+01,0.000000000000000000e+00,0.000000000000000000e+00
1.040000000000297575e+01,0.000000000000000000e+00,0.000000000000000000e+00
1.080000000000298144e+01,0.000000000000000000e+00,2.276864007800069589e-03
1.120000000000298712e+01,1.000000000000000000e+00,3.454503746867494396e-01
1.160000000000299281e+01,1.000000000000000000e+00,1.921477222920528360e+00
1.200000000000299849e+01,1.000000000000000000e+01,6.771311441539006992e+00
1.240000000000300417e+01,1.400000000000000000e+01,1.457937287578831764e+01
1.280000000000300986e+01,2.700000000000000000e+01,2.438647702458264988e+01
1.320000000000301554e+01,4.200000000000000000e+01,3.556961598528139490e+01
1.360000000000302123e+01,6.400000000000000000e+01,4.703831837402629645e+01
1.400000000000302691e+01,7.100000000000000000e+01,5.804430564555899963e+01
1.440000000000303260e+01,6.700000000000000000e+01,6.936535589844591243e+01
1.480000000000303828e+01,8.300000000000000000e+01,8.053943491598082005e+01
1.520000000000304397e+01,9.700000000000000000e+01,9.209779722599154184e+01
1.560000000000304965e+01,9.800000000000000000e+01,1.036023023354483144e+02
1.600000000000305533e+01,1.190000000000000000e+02,1.153011211638993245e+02
1.640000000000306102e+01,1.010000000000000000e+02,1.265056000267322105e+02
1.680000000000306670e+01,1.620000000000000000e+02,1.377153127974658275e+02
1.720000000000307239e+01,1.530000000000000000e+02,1.487860629306846647e+02
1.760000000000307807e+01,1.760000000000000000e+02,1.597519713448566563e+02
1.800000000000308376e+01,1.970000000000000000e+02,1.705340770290444254e+02
1.840000000000308944e+01,1.780000000000000000e+02,1.811440947058501365e+02
1.880000000000309512e+01,1.930000000000000000e+02,1.915900208419247974e+02
1.920000000000310081e+01,2.200000000000000000e+02,2.021500187403754580e+02
1.960000000000310649e+01,2.450000000000000000e+02,2.123881726412591036e+02
2.000000000000311218e+01,2.480000000000000000e+02,2.220499268950918008e+02
2.040000000000311786e+01,2.550000000000000000e+02,2.315911661280455007e+02
2.080000000000312355e+01,2.620000000000000000e+02,2.408944796204847023e+02
2.120000000000312923e+01,2.740000000000000000e+02,2.499130291592742594e+02
2.160000000000313491e+01,2.640000000000000000e+02,2.588345077791616404e+02
2.200000000000314060e+01,3.050000000000000000e+02,2.676467792866472450e+02
2.240000000000314628e+01,2.970000000000000000e+02,2.760111490989655749e+02
2.280000000000315197e+01,3.390000000000000000e+02,2.846028057023322617e+02
2.320000000000315765e+01,4.120000000000000000e+02,2.930155522274051236e+02
2.360000000000316334e+01,5.320000000000000000e+02,3.012095358218774663e+02
2.400000000000316902e+01,7.880000000000000000e+02,3.093826724817626541e+02
2.440000000000317470e+01,1.697000000000000000e+03,3.173471871296882227e+02
2.480000000000318039e+01,3.506000000000000000e+03,3.255103167569143920e+02
2.520000000000318607e+01,6.107000000000000000e+03,3.334551627040324888e+02
2.560000000000319176e+01,8.596000000000000000e+03,3.411758384565459323e+02
2.600000000000319744e+01,9.768000000000000000e+03,3.487424197863186919e+02
2.640000000000320313e+01,9.335000000000000000e+03,3.557135842102676406e+02
2.680000000000320881e+01,7.740000000000000000e+03,3.620056307058580387e+02
2.720000000000321450e+01,5.436000000000000000e+03,3.673736596782928245e+02
2.760000000000322018e+01,3.591000000000000000e+03,3.719991319277045250e+02
2.800000000000322586e+01,2.342000000000000000e+03,3.760336480902475955e+02
2.840000000000323155e+01,1.702000000000000000e+03,3.792662504177927758e+02
2.880000000000323723e+01,1.350000000000000000e+03,3.819470171464629402e+02
2.920000000000324292e+01,1.176000000000000000e+03,3.842962186722335787e+02
2.960000000000324860e+01,1.122000000000000000e+03,3.862065971395036286e+02
3.000000000000325429e+01,1.009000000000000000e+03,3.877604024882598992e+02
3.040000000000325997e+01,9.540000000000000000e+02,3.894585953619148313e+02
3.080000000000326565e+01,1.040000000000000000e+03,3.907114211065808149e+02
3.120000000000327134e+01,1.065000000000000000e+03,3.918051905757238274e+02
3.160000000000327702e+01,1.228000000000000000e+03,3.929285303271697103e+02
3.200000000000328271e+01,1.426000000000000000e+03,3.942822714006420028e+02
3.240000000000328839e+01,1.947000000000000000e+03,3.955218465179874556e+02
3.280000000000329408e+01,2.327000000000000000e+03,3.964703402781327100e+02
3.320000000000329976e+01,2.769000000000000000e+03,3.972269018254538082e+02
3.360000000000330544e+01,3.049000000000000000e+03,3.983920709975014347e+02
3.400000000000331113e+01,3.264000000000000000e+03,3.991353710765964138e+02
3.440000000000331681e+01,3.253000000000000000e+03,4.000065577748839587e+02
3.480000000000332250e+01,3.075000000000000000e+03,4.008207757841253738e+02
3.520000000000332818e+01,3.090000000000000000e+03,4.015413008448402366e+02
3.560000000000333387e+01,3.176000000000000000e+03,4.022817609879114116e+02
3.600000000000333955e+01,3.153000000000000000e+03,4.030107621877044153e+02
3.640000000000334524e+01,3.339000000000000000e+03,4.034889844547115558e+02
3.680000000000335092e+01,3.444000000000000000e+03,4.037811236738246521e+02
3.720000000000335660e+01,3.563000000000000000e+03,4.040007926554002893e+02
3.760000000000336229e+01,3.609000000000000000e+03,4.046020434580631218e+02
3.800000000000336797e+01,3.793000000000000000e+03,4.047580573175412155e+02
3.840000000000337366e+01,3.852000000000000000e+03,4.051219960608372617e+02
3.880000000000337934e+01,3.833000000000000000e+03,4.052737092285335052e+02
3.920000000000338503e+01,3.927000000000000000e+03,4.051554760500685006e+02
3.960000000000339071e+01,3.853000000000000000e+03,4.053413316757768143e+02
4.000000000000339639e+01,3.923000000000000000e+03,4.055102589428514648e+02
4.040000000000340208e+01,3.841000000000000000e+03,4.053101327630039918e+02
4.080000000000340776e+01,3.988000000000000000e+03,4.051978797754225639e+02
4.120000000000341345e+01,3.753000000000000000e+03,4.050808343245599872e+02
4.160000000000341913e+01,3.843000000000000000e+03,4.046424115206829129e+02
4.200000000000342482e+01,3.750000000000000000e+03,4.039749206572095659e+02
4.240000000000343050e+01,3.871000000000000000e+03,4.033613738868970131e+02
4.280000000000343618e+01,3.759000000000000000e+03,4.025458024318769503e+02
4.320000000000344187e+01,3.687000000000000000e+03,4.013180117317924669e+02
4.360000000000344755e+01,3.776000000000000000e+03,3.999630504355513381e+02
4.400000000000345324e+01,3.723000000000000000e+03,3.984698054346511071e+02
4.440000000000345892e+01,3.697000000000000000e+03,3.964205408806419086e+02
4.480000000000346461e+01,3.654000000000000000e+03,3.943231173043118929e+02
4.520000000000347029e+01,3.671000000000000000e+03,3.920443993753976883e+02
4.560000000000347598e+01,3.782000000000000000e+03,3.897850459604447337e+02
4.600000000000348166e+01,3.585000000000000000e+03,3.874476785885206596e+02
4.640000000000348734e+01,3.418000000000000000e+03,3.845925612523035966e+02
4.680000000000349303e+01,3.500000000000000000e+03,3.814682032824715066e+02
4.720000000000349871e+01,3.350000000000000000e+03,3.782668526988621807e+02
4.760000000000350440e+01,3.267000000000000000e+03,3.748627222111322226e+02
4.800000000000351008e+01,3.232000000000000000e+03,3.714304493763806931e+02
4.840000000000351577e+01,3.246000000000000000e+03,3.681872822113202801e+02
4.880000000000352145e+01,3.163000000000000000e+03,3.647903982898615141e+02
4.920000000000352713e+01,3.236000000000000000e+03,3.611918330872417755e+02
4.960000000000353282e+01,3.193000000000000000e+03,3.572161712270595331e+02
5.000000000000353850e+01,3.142000000000000000e+03,3.531813761214872329e+02
5.040000000000354419e+01,3.063000000000000000e+03,3.491757065120072525e+02
5.080000000000354987e+01,2.972000000000000000e+03,3.451997867745076292e+02
5.120000000000355556e+01,3.021000000000000000e+03,3.412241777586133935e+02
5.160000000000356124e+01,2.944000000000000000e+03,3.372292269658795476e+02
5.200000000000356692e+01,2.890000000000000000e+03,3.332863129512575142e+02
5.240000000000357261e+01,2.865000000000000000e+03,3.293338570674888501e+02
5.280000000000357829e+01,2.836000000000000000e+03,3.253453657256449105e+02
5.320000000000358398e+01,2.650000000000000000e+03,3.210175727132494217e+02
5.360000000000358966e+01,2.732000000000000000e+03,3.166973822224274500e+02
5.400000000000359535e+01,2.598000000000000000e+03,3.123307271967996712e+02
5.440000000000360103e+01,2.676000000000000000e+03,3.080851876542473065e+02
5.480000000000360671e+01,2.590000000000000000e+03,3.037934959147305563e+02
5.520000000000361240e+01,2.597000000000000000e+03,2.995718558945101790e+02
5.560000000000361808e+01,2.508000000000000000e+03,2.955557398092228709e+02
5.600000000000362377e+01,2.552000000000000000e+03,2.913814785794118052e+02
5.640000000000362945e+01,2.520000000000000000e+03,2.872302308389750465e+02
5.680000000000360671e+01,2.590000000000000000e+03,2.830084417973634459e+02
5.720000000000364082e+01,2.566000000000000000e+03,2.788906385445720275e+02
5.760000000000367493e+01,2.512000000000000000e+03,2.747822931343091568e+02
5.800000000000365219e+01,2.528000000000000000e+03,2.707162501428384758e+02
5.840000000000362945e+01,2.378000000000000000e+03,2.666816565686186777e+02
5.880000000000366356e+01,2.329000000000000000e+03,2.626406937773747359e+02
5.920000000000369766e+01,2.347000000000000000e+03,2.586469351680833597e+02
5.960000000000367493e+01,2.234000000000000000e+03,2.546221611531175313e+02
6.000000000000365219e+01,2.214000000000000000e+03,2.506758047512219036e+02
6.040000000000368630e+01,2.179000000000000000e+03,2.466975117675673914e+02
6.080000000000372040e+01,2.198000000000000000e+03,2.428532386772271536e+02
6.120000000000369766e+01,2.146000000000000000e+03,2.390630555104843609e+02
6.160000000000367493e+01,2.226000000000000000e+03,2.353125882710909593e+02
6.200000000000370903e+01,2.182000000000000000e+03,2.316003515506459962e+02
6.240000000000374314e+01,2.164000000000000000e+03,2.279318997203276069e+02
6.280000000000372040e+01,1.957000000000000000e+03,2.242845271291495237e+02
6.320000000000369766e+01,2.012000000000000000e+03,2.206000017373938817e+02
6.360000000000373177e+01,1.961000000000000000e+03,2.170701537377956072e+02
6.400000000000376588e+01,1.843000000000000000e+03,2.135762262024461791e+02
6.440000000000374314e+01,1.768000000000000000e+03,2.101512722195091385e+02
6.480000000000372040e+01,1.821000000000000000e+03,2.067338835142768119e+02
6.520000000000375451e+01,1.794000000000000000e+03,2.033977418825022028e+02
6.560000000000378861e+01,1.735000000000000000e+03,2.000901574642727212e+02
6.600000000000376588e+01,1.680000000000000000e+03,1.967828842406633214e+02
6.640000000000374314e+01,1.637000000000000000e+03,1.935762503014470042e+02
6.680000000000377725e+01,1.520000000000000000e+03,1.903679640976612859e+02
6.720000000000381135e+01,1.441000000000000000e+03,1.872408270983817999e+02
6.760000000000378861e+01,1.471000000000000000e+03,1.841651800558722982e+02
6.800000000000376588e+01,1.454000000000000000e+03,1.810921588580017101e+02
6.840000000000379998e+01,1.418000000000000000e+03,1.780066793711729076e+02
6.880000000000383409e+01,1.323000000000000000e+03,1.750005025100133196e+02
6.920000000000381135e+01,1.271000000000000000e+03,1.719484816967772645e+02
6.960000000000378861e+01,1.307000000000000000e+03,1.689829904071829390e+02
7.000000000000382272e+01,1.250000000000000000e+03,1.660509227862301032e+02
7.040000000000385683e+01,1.248000000000000000e+03,1.631593682422532083e+02
7.080000000000383409e+01,1.164000000000000000e+03,1.602662544066171506e+02
7.120000000000381135e+01,1.151000000000000000e+03,1.573688713383832578e+02
7.160000000000384546e+01,1.111000000000000000e+03,1.545220646737656409e+02
7.200000000000387956e+01,1.059000000000000000e+03,1.516708457941741699e+02
7.240000000000385683e+01,1.038000000000000000e+03,1.488441547116111110e+02
7.280000000000383409e+01,1.033000000000000000e+03,1.461124610767810168e+02
7.320000000000386819e+01,9.350000000000000000e+02,1.433333381704978535e+02
7.360000000000390230e+01,9.220000000000000000e+02,1.406465003731268553e+02
7.400000000000387956e+01,8.970000000000000000e+02,1.380374305365088503e+02
7.440000000000385683e+01,8.970000000000000000e+02,1.354042398876266020e+02
7.480000000000389093e+01,8.320000000000000000e+02,1.328165999787853764e+02
7.520000000000392504e+01,7.910000000000000000e+02,1.302347828968931935e+02
7.560000000000390230e+01,7.820000000000000000e+02,1.276478110189300281e+02
7.600000000000387956e+01,7.560000000000000000e+02,1.250999694079823144e+02
7.640000000000391367e+01,6.870000000000000000e+02,1.226161579254054459e+02
7.680000000000394778e+01,6.850000000000000000e+02,1.200537898784212985e+02
7.720000000000392504e+01,6.820000000000000000e+02,1.175050429044708409e+02
7.760000000000390230e+01,5.890000000000000000e+02,1.149603867924452345e+02
7.800000000000393641e+01,5.900000000000000000e+02,1.124733452897683037e+02
7.840000000000397051e+01,5.800000000000000000e+02,1.099527874156919864e+02
7.880000000000394778e+01,5.370000000000000000e+02,1.074810992213929381e+02
7.920000000000392504e+01,4.940000000000000000e+02,1.050838941552230494e+02
7.960000000000395914e+01,5.060000000000000000e+02,1.027367908818875435e+02
8.000000000000399325e+01,4.940000000000000000e+02,1.002818900591915963e+02
8.040000000000397051e+01,4.910000000000000000e+02,9.788391395896672975e+01
8.080000000000394778e+01,4.730000000000000000e+02,9.554506300542747965e+01
8.120000000000398188e+01,4.450000000000000000e+02,9.327111015612941003e+01
8.160000000000401599e+01,4.670000000000000000e+02,9.090520680898521277e+01
8.200000000000399325e+01,4.200000000000000000e+02,8.857503551531300445e+01
8.240000000000397051e+01,4.190000000000000000e+02,8.629382683719441616e+01
8.280000000000400462e+01,4.070000000000000000e+02,8.408596158632471429e+01
8.320000000000403872e+01,3.730000000000000000e+02,8.193697124295428580e+01
8.360000000000401599e+01,3.720000000000000000e+02,7.971754690896329976e+01
8.400000000000399325e+01,3.540000000000000000e+02,7.754684581140620026e+01
8.440000000000402736e+01,3.210000000000000000e+02,7.544107739389458800e+01
8.480000000000406146e+01,3.050000000000000000e+02,7.339761014207337553e+01
8.520000000000403872e+01,3.440000000000000000e+02,7.140247890494846672e+01
8.560000000000401599e+01,2.830000000000000000e+02,6.932108308632035687e+01
8.600000000000405009e+01,2.980000000000000000e+02,6.727935425901978306e+01
8.640000000000408420e+01,2.730000000000000000e+02,6.529522515948707451e+01
8.680000000000406146e+01,2.520000000000000000e+02,6.337323838487215966e+01
8.720000000000403872e+01,2.530000000000000000e+02,6.149842443057904973e+01
8.760000000000407283e+01,2.490000000000000000e+02,5.967979721854256780e+01
8.800000000000410694e+01,2.500000000000000000e+02,5.782038907513774006e+01
8.840000000000408420e+01,2.070000000000000000e+02,5.599590859379389229e+01
8.880000000000406146e+01,1.850000000000000000e+02,5.422924116147295592e+01
8.920000000000409557e+01,2.030000000000000000e+02,5.251347910630062188e+01
8.960000000000412967e+01,1.690000000000000000e+02,5.085138517606825559e+01
9.000000000000410694e+01,1.690000000000000000e+02,4.923209946533304304e+01
9.040000000000408420e+01,1.430000000000000000e+02,4.759761698201793934e+01
9.080000000000411831e+01,1.410000000000000000e+02,4.590365776183371338e+01
9.120000000000415241e+01,1.470000000000000000e+02,4.424950289253344238e+01
9.160000000000412967e+01,1.540000000000000000e+02,4.263587173906731209e+01
9.200000000000410694e+01,1.540000000000000000e+02,4.107472766854279200e+01
9.240000000000414104e+01,1.380000000000000000e+02,3.955832800781831082e+01
9.280000000000417515e+01,1.150000000000000000e+02,3.808736716723829829e+01
9.320000000000415241e+01,1.100000000000000000e+02,3.666401039660925676e+01
9.360000000000412967e+01,1.260000000000000000e+02,3.521821591419428898e+01
9.400000000000416378e+01,1.120000000000000000e+02,3.377764774232650780e+01
9.440000000000419789e+01,1.040000000000000000e+02,3.238512072120934704e+01
9.480000000000417515e+01,9.700000000000000000e+01,3.103664297287084395e+01
9.520000000000415241e+01,9.100000000000000000e+01,2.972731717704128229e+01
9.560000000000418652e+01,8.600000000000000000e+01,2.846173416015611579e+01
9.600000000000422062e+01,7.200000000000000000e+01,2.723831763324725941e+01
9.640000000000419789e+01,7.200000000000000000e+01,2.605362853268603374e+01
9.680000000000417515e+01,7.100000000000000000e+01,2.490791037241496042e+01
9.720000000000420926e+01,7.300000000000000000e+01,2.380573709100619695e+01
9.760000000000424336e+01,6.100000000000000000e+01,2.273830099194561072e+01
9.800000000000422062e+01,6.300000000000000000e+01,2.168831806287027320e+01
9.840000000000419789e+01,4.800000000000000000e+01,2.067404216090088198e+01
9.880000000000423199e+01,4.000000000000000000e+01,1.969419269473997858e+01
9.920000000000426610e+01,5.700000000000000000e+01,1.874515866989840163e+01
9.960000000000424336e+01,4.500000000000000000e+01,1.782083850738668573e+01
1.000000000000042206e+02,3.600000000000000000e+01,1.692832812896149974e+01
1.004000000000042547e+02,3.900000000000000000e+01,1.606648969128976745e+01
1.008000000000042888e+02,3.800000000000000000e+01,1.523391899657659287e+01
1.012000000000042661e+02,3.200000000000000000e+01,1.443525476542187036e+01
1.016000000000042434e+02,3.300000000000000000e+01,1.371313904830833330e+01
1.020000000000042775e+02,2.500000000000000000e+01,1.301584994011192542e+01
1.024000000000043116e+02,1.800000000000000000e+01,1.234250849093447400e+01
1.028000000000042888e+02,1.700000000000000000e+01,1.168930276287633951e+01
1.032000000000042661e+02,2.700000000000000000e+01,1.105602721291401913e+01
1.036000000000043002e+02,2.600000000000000000e+01,1.044479456082032165e+01
1.040000000000043343e+02,1.600000000000000000e+01,9.854826890854115007e+00
1.044000000000043116e+02,1.300000000000000000e+01,9.285375400865456541e+00
1.048000000000042888e+02,2.000000000000000000e+01,8.732566625442728991e+00
1.052000000000043229e+02,1.600000000000000000e+01,8.197529724917009375e+00
1.056000000000043570e+02,9.000000000000000000e+00,7.681489774954214589e+00
1.060000000000043343e+02,2.100000000000000000e+01,7.183778314521061858e+00
1.064000000000043116e+02,1.100000000000000000e+01,6.743619237642704434e+00
1.068000000000043457e+02,1.200000000000000000e+01,6.388071874385319759e+00
1.072000000000043798e+02,1.400000000000000000e+01,6.042667207484129221e+00
1.076000000000043570e+02,1.100000000000000000e+01,5.709286954136837622e+00
1.080000000000043343e+02,1.000000000000000000e+01,5.387515581091031791e+00
1.084000000000043684e+02,9.000000000000000000e+00,5.076952715258108206e+00
1.088000000000044025e+02,8.000000000000000000e+00,4.777212554168279723e+00
1.092000000000043798e+02,6.000000000000000000e+00,4.486950038333846535e+00
1.096000000000043570e+02,8.000000000000000000e+00,4.206132952387707569e+00
1.100000000000043912e+02,8.000000000000000000e+00,3.935280816305061879e+00
1.104000000000044253e+02,7.000000000000000000e+00,3.674051329932106480e+00
1.108000000000044025e+02,3.000000000000000000e+00,3.422114530344065653e+00
1.112000000000043798e+02,6.000000000000000000e+00,3.179152318666945032e+00
1.116000000000044139e+02,3.000000000000000000e+00,2.944694930330564731e+00
1.120000000000044480e+02,4.000000000000000000e+00,2.717902209069225083e+00
1.124000000000044253e+02,0.000000000000000000e+00,2.499325498011463864e+00
1.128000000000044025e+02,5.000000000000000000e+00,2.296880394852458984e+00
1.132000000000044366e+02,0.000000000000000000e+00,2.167926904272466260e+00
1.136000000000044707e+02,1.000000000000000000e+00,2.043394001828493067e+00
1.140000000000044480e+02,2.000000000000000000e+00,1.923134580054630671e+00
1.144000000000044253e+02,3.000000000000000000e+00,1.806955404336951343e+00
1.148000000000044594e+02,3.000000000000000000e+00,1.694387000775539498e+00
1.152000000000044935e+02,0.000000000000000000e+00,1.585731148398378698e+00
1.156000000000044707e+02,1.000000000000000000e+00,1.480858163913264303e+00
1.160000000000044480e+02,0.000000000000000000e+00,1.379642865794525664e+00
1.164000000000044821e+02,3.000000000000000000e+00,1.281964407829100816e+00
1.168000000000045162e+02,0.000000000000000000e+00,1.187706119220660383e+00
1.172000000000044935e+02,1.000000000000000000e+00,1.096755350977680177e+00
1.176000000000044707e+02,0.000000000000000000e+00,1.008943223043882842e+00
1.180000000000045048e+02,1.000000000000000000e+00,9.240282817129910065e-01
1.184000000000045389e+02,2.000000000000000000e+00,8.421491013450473906e-01
1.188000000000045162e+02,1.000000000000000000e+00,7.632059287923130819e-01
1.192000000000044935e+02,0.000000000000000000e+00,6.871024159399314879e-01
1.196000000000045276e+02,1.000000000000000000e+00,6.137454961890567162e-01
1.200000000000045617e+02,0.000000000000000000e+00,5.430452657128856941e-01
1.204000000000045389e+02,0.000000000000000000e+00,4.749148692898820801e-01
1.208000000000045162e+02,0.000000000000000000e+00,4.092703905268243458e-01
1.212000000000045503e+02,0.000000000000000000e+00,3.459964167683696745e-01
1.216000000000045844e+02,0.000000000000000000e+00,3.078918077048342083e-01
1.220000000000045617e+02,0.000000000000000000e+00,2.918471084050580089e-01
1.224000000000045389e+02,0.000000000000000000e+00,2.763335776364441720e-01
1.228000000000045731e+02,0.000000000000000000e+00,2.613345666107934617e-01
1.232000000000046072e+02,0.000000000000000000e+00,2.468339735858494643e-01
1.236000000000045844e+02,0.000000000000000000e+00,2.328162246741233565e-01
1.240000000000045617e+02,1.000000000000000000e+00,2.192662553712004525e-01
1.244000000000045958e+02,0.000000000000000000e+00,2.061694927748202455e-01
1.248000000000046299e+02,0.000000000000000000e+00,1.935118384672353531e-01
1.252000000000046072e+02,0.000000000000000000e+00,1.812886370213833420e-01
1.256000000000045844e+02,0.000000000000000000e+00,1.696414143801119601e-01
1.260000000000046185e+02,0.000000000000000000e+00,1.583722939817467645e-01
1.264000000000046526e+02,0.000000000000000000e+00,1.474697220210381410e-01
1.268000000000046299e+02,0.000000000000000000e+00,1.369225146256364267e-01
1.272000000000046072e+02,0.000000000000000000e+00,1.267198452027277489e-01
1.276000000000046413e+02,0.000000000000000000e+00,1.168512322486351951e-01
1.280000000000046612e+02,0.000000000000000000e+00,1.073065276033546150e-01
1.284000000000046384e+02,0.000000000000000000e+00,9.807590513268567289e-02
1.288000000000046157e+02,0.000000000000000000e+00,8.914984982139743941e-02
1.292000000000046498e+02,0.000000000000000000e+00,8.051914726148973189e-02
1.296000000000046839e+02,0.000000000000000000e+00,7.217487352031745629e-02
1.300000000000046612e+02,0.000000000000000000e+00,6.411425265161775633e-02
1.304000000000046384e+02,0.000000000000000000e+00,5.635389647693924559e-02
1.308000000000046725e+02,0.000000000000000000e+00,4.884517151837080434e-02
1.312000000000047066e+02,0.000000000000000000e+00,4.158058484331259713e-02
1.316000000000046839e+02,0.000000000000000000e+00,3.455287620141488103e-02
1.320000000000046612e+02,0.000000000000000000e+00,2.775501031259459267e-02
1.324000000000046953e+02,0.000000000000000000e+00,2.118016942856442916e-02
1.328000000000047294e+02,0.000000000000000000e+00,1.482174615755380356e-02
1.332000000000047066e+02,0.000000000000000000e+00,8.673336542265807150e-03
1.336000000000046839e+02,0.000000000000000000e+00,2.728733381547622169e-03
1.340000000000047180e+02,0.000000000000000000e+00,0.000000000000000000e+00
1.344000000000047521e+02,0.000000000000000000e+00,0.000000000000000000e+00
1.348000000000047294e+02,0.000000000000000000e+00,0.000000000000000000e+00
1.352000000000047066e+02,0.000000000000000000e+00,0.000000000000000000e+00
1.356000000000047407e+02,0.000000000000000000e+00,0.000000000000000000e+00
1.360000000000047748e+02,0.000000000000000000e+00,0.000000000000000000e+00
1.364000000000047521e+02,0.000000000000000000e+00,0.000000000000000000e+00
1.368000000000047294e+02,0.000000000000000000e+00,0.000000000000000000e+00
1.372000000000047635e+02,0.000000000000000000e+00,0.000000000000000000e+00
1.376000000000047976e+02,0.000000000000000000e+00,0.000000000000000000e+00
1.380000000000047748e+02,0.000000000000000000e+00,0.000000000000000000e+00
1.384000000000047521e+02,0.000000000000000000e+00,0.000000000000000000e+00
1.388000000000047862e+02,0.000000000000000000e+00,0.000000000000000000e+00
1.392000000000048203e+02,0.000000000000000000e+00,0.000000000000000000e+00
1.396000000000047976e+02,0.000000000000000000e+00,0.000000000000000000e+00
1.400000000000047748e+02,0.000000000000000000e+00,0.000000000000000000e+00
1.404000000000048090e+02,0.000000000000000000e+00,0.000000000000000000e+00
1.408000000000048431e+02,0.000000000000000000e+00,0.000000000000000000e+00
1.412000000000048203e+02,0.000000000000000000e+00,0.000000000000000000e+00
1.416000000000047976e+02,0.000000000000000000e+00,0.000000000000000000e+00
1.420000000000048317e+02,0.000000000000000000e+00,0.000000000000000000e+00
1.424000000000048658e+02,0.000000000000000000e+00,0.000000000000000000e+00
1.428000000000048431e+02,0.000000000000000000e+00,0.000000000000000000e+00
1.432000000000048203e+02,0.000000000000000000e+00,0.000000000000000000e+00
1.436000000000048544e+02,0.000000000000000000e+00,0.000000000000000000e+00
1.440000000000048885e+02,0.000000000000000000e+00,0.000000000000000000e+00
1.444000000000048658e+02,0.000000000000000000e+00,0.000000000000000000e+00
1.448000000000048431e+02,0.000000000000000000e+00,0.000000000000000000e+00
1.452000000000048772e+02,0.000000000000000000e+00,0.000000000000000000e+00
1.456000000000049113e+02,0.000000000000000000e+00,0.000000000000000000e+00
1.460000000000048885e+02,0.000000000000000000e+00,0.000000000000000000e+00
1.464000000000048658e+02,0.000000000000000000e+00,0.000000000000000000e+00
1.468000000000048999e+02,0.000000000000000000e+00,0.000000000000000000e+00
1.472000000000049340e+02,0.000000000000000000e+00,0.000000000000000000e+00
1.476000000000049113e+02,0.000000000000000000e+00,0.000000000000000000e+00
1.480000000000048885e+02,0.000000000000000000e+00,0.000000000000000000e+00
1.484000000000049226e+02,0.000000000000000000e+00,0.000000000000000000e+00
1.488000000000049567e+02,0.000000000000000000e+00,0.000000000000000000e+00
1.492000000000049340e+02,0.000000000000000000e+00,0.000000000000000000e+00
1.496000000000049113e+02,0.000000000000000000e+00,0.000000000000000000e+00
1.500000000000049454e+02,0.000000000000000000e+00,0.000000000000000000e+00
1.504000000000049795e+02,0.000000000000000000e+00,0.000000000000000000e+00
1.508000000000049567e+02,0.000000000000000000e+00,0.000000000000000000e+00
1.512000000000049340e+02,0.000000000000000000e+00,0.000000000000000000e+00
1.516000000000049681e+02,0.000000000000000000e+00,0.000000000000000000e+00
1.520000000000050022e+02,0.000000000000000000e+00,0.000000000000000000e+00
1.524000000000049795e+02,0.000000000000000000e+00,0.000000000000000000e+00
1.528000000000049567e+02,0.000000000000000000e+00,0.000000000000000000e+00
1.532000000000049909e+02,0.000000000000000000e+00,0.000000000000000000e+00
1.536000000000050250e+02,0.000000000000000000e+00,0.000000000000000000e+00
1.540000000000050022e+02,0.000000000000000000e+00,0.000000000000000000e+00
1.544000000000049795e+02,0.000000000000000000e+00,0.000000000000000000e+00
1.548000000000050136e+02,0.000000000000000000e+00,0.000000000000000000e+00
1.552000000000050477e+02,0.000000000000000000e+00,0.000000000000000000e+00
1.556000000000050250e+02,0.000000000000000000e+00,0.000000000000000000e+00
1.560000000000050022e+02,0.000000000000000000e+00,0.000000000000000000e+00
1.564000000000050363e+02,0.000000000000000000e+00,0.000000000000000000e+00
1.568000000000050704e+02,0.000000000000000000e+00,0.000000000000000000e+00
1.572000000000050477e+02,0.000000000000000000e+00,0.000000000000000000e+00
1.576000000000050250e+02,0.000000000000000000e+00,0.000000000000000000e+00
1.580000000000050591e+02,0.000000000000000000e+00,0.000000000000000000e+00
1.584000000000050932e+02,0.000000000000000000e+00,0.000000000000000000e+00
1.588000000000050704e+02,0.000000000000000000e+00,0.000000000000000000e+00
1.592000000000050477e+02,0.000000000000000000e+00,0.000000000000000000e+00
1.596000000000050818e+02,0.000000000000000000e+00,0.000000000000000000e+00
1.600000000000051159e+02,0.000000000000000000e+00,0.000000000000000000e+00
1.604000000000050932e+02,0.000000000000000000e+00,0.000000000000000000e+00
1.608000000000050704e+02,0.000000000000000000e+00,0.000000000000000000e+00
1.612000000000051045e+02,0.000000000000000000e+00,0.000000000000000000e+00
1.616000000000051386e+02,0.000000000000000000e+00,0.000000000000000000e+00
1.620000000000051159e+02,0.000000000000000000e+00,0.000000000000000000e+00
1.624000000000050932e+02,0.000000000000000000e+00,0.000000000000000000e+00
1.628000000000051273e+02,0.000000000000000000e+00,0.000000000000000000e+00
1.632000000000051614e+02,0.000000000000000000e+00,0.000000000000000000e+00
1.636000000000051386e+02,0.000000000000000000e+00,0.000000000000000000e+00
1.640000000000051159e+02,0.000000000000000000e+00,0.000000000000000000e+00
1.644000000000051500e+02,0.000000000000000000e+00,0.000000000000000000e+00
1.648000000000051841e+02,0.000000000000000000e+00,0.000000000000000000e+00
1.652000000000051614e+02,0.000000000000000000e+00,0.000000000000000000e+00
1.656000000000051386e+02,0.000000000000000000e+00,0.000000000000000000e+00
1.660000000000051728e+02,0.000000000000000000e+00,0.000000000000000000e+00
1.664000000000052069e+02,0.000000000000000000e+00,0.000000000000000000e+00
1.668000000000051841e+02,0.000000000000000000e+00,0.000000000000000000e+00
1.672000000000051614e+02,0.000000000000000000e+00,0.000000000000000000e+00
1.676000000000051955e+02,0.000000000000000000e+00,0.000000000000000000e+00
1.680000000000052296e+02,0.000000000000000000e+00,0.000000000000000000e+00
1.684000000000052069e+02,0.000000000000000000e+00,0.000000000000000000e+00
1.688000000000051841e+02,0.000000000000000000e+00,0.000000000000000000e+00
1.692000000000052182e+02,0.000000000000000000e+00,0.000000000000000000e+00
1.696000000000052523e+02,0.000000000000000000e+00,0.000000000000000000e+00
1.700000000000052296e+02,0.000000000000000000e+00,0.000000000000000000e+00
1.704000000000052069e+02,0.000000000000000000e+00,0.000000000000000000e+00
1.708000000000052410e+02,0.000000000000000000e+00,0.000000000000000000e+00
1.712000000000052751e+02,0.000000000000000000e+00,0.000000000000000000e+00
1.716000000000052523e+02,0.000000000000000000e+00,0.000000000000000000e+00
1.720000000000052296e+02,0.000000000000000000e+00,0.000000000000000000e+00
1.724000000000052637e+02,0.000000000000000000e+00,0.000000000000000000e+00
1.728000000000052978e+02,0.000000000000000000e+00,0.000000000000000000e+00
1.732000000000052751e+02,0.000000000000000000e+00,0.000000000000000000e+00
1.736000000000052523e+02,0.000000000000000000e+00,0.000000000000000000e+00
1.740000000000052864e+02,0.000000000000000000e+00,0.000000000000000000e+00
1.744000000000053205e+02,0.000000000000000000e+00,0.000000000000000000e+00
1.748000000000052978e+02,0.000000000000000000e+00,0.000000000000000000e+00
1.752000000000052751e+02,0.000000000000000000e+00,0.000000000000000000e+00
1.756000000000053092e+02,0.000000000000000000e+00,0.000000000000000000e+00
1.760000000000053433e+02,0.000000000000000000e+00,0.000000000000000000e+00
1.764000000000053205e+02,0.000000000000000000e+00,0.000000000000000000e+00
1.768000000000052978e+02,0.000000000000000000e+00,0.000000000000000000e+00
1.772000000000053319e+02,0.000000000000000000e+00,0.000000000000000000e+00
1.776000000000053660e+02,0.000000000000000000e+00,0.000000000000000000e+00
1.780000000000053433e+02,0.000000000000000000e+00,0.000000000000000000e+00
1.784000000000053205e+02,0.000000000000000000e+00,0.000000000000000000e+00
1.788000000000053547e+02,0.000000000000000000e+00,0.000000000000000000e+00
1.792000000000053888e+02,0.000000000000000000e+00,0.000000000000000000e+00
1.796000000000053660e+02,0.000000000000000000e+00,0.000000000000000000e+00
1.800000000000053433e+02,0.000000000000000000e+00,0.000000000000000000e+00
1.804000000000053774e+02,0.000000000000000000e+00,0.000000000000000000e+00
1.808000000000054115e+02,0.000000000000000000e+00,0.000000000000000000e+00
1.812000000000053888e+02,0.000000000000000000e+00,0.000000000000000000e+00
1.816000000000053660e+02,0.000000000000000000e+00,0.000000000000000000e+00
1.820000000000054001e+02,0.000000000000000000e+00,0.000000000000000000e+00
1.824000000000054342e+02,0.000000000000000000e+00,0.000000000000000000e+00
1.828000000000054115e+02,0.000000000000000000e+00,0.000000000000000000e+00
1.832000000000053888e+02,0.000000000000000000e+00,0.000000000000000000e+00
1.836000000000054229e+02,0.000000000000000000e+00,0.000000000000000000e+00
1.840000000000054570e+02,0.000000000000000000e+00,0.000000000000000000e+00
1.844000000000054342e+02,0.000000000000000000e+00,0.000000000000000000e+00
1.848000000000054115e+02,0.000000000000000000e+00,0.000000000000000000e+00
1.852000000000054456e+02,0.000000000000000000e+00,0.000000000000000000e+00
1.856000000000054797e+02,0.000000000000000000e+00,0.000000000000000000e+00
1.860000000000054570e+02,0.000000000000000000e+00,0.000000000000000000e+00
1.864000000000054342e+02,0.000000000000000000e+00,0.000000000000000000e+00
1.868000000000054683e+02,0.000000000000000000e+00,0.000000000000000000e+00
1.872000000000055024e+02,0.000000000000000000e+00,0.000000000000000000e+00
1.876000000000054797e+02,0.000000000000000000e+00,0.000000000000000000e+00
1.880000000000054570e+02,0.000000000000000000e+00,0.000000000000000000e+00
1.884000000000054911e+02,0.000000000000000000e+00,0.000000000000000000e+00
1.888000000000055252e+02,0.000000000000000000e+00,0.000000000000000000e+00
1.892000000000055024e+02,0.000000000000000000e+00,0.000000000000000000e+00
1.896000000000054797e+02,0.000000000000000000e+00,0.000000000000000000e+00
1.900000000000055138e+02,0.000000000000000000e+00,0.000000000000000000e+00
1.904000000000055479e+02,0.000000000000000000e+00,0.000000000000000000e+00
1.908000000000055252e+02,0.000000000000000000e+00,0.000000000000000000e+00
1.912000000000055024e+02,0.000000000000000000e+00,0.000000000000000000e+00
1.916000000000055365e+02,0.000000000000000000e+00,0.000000000000000000e+00
1.920000000000055707e+02,0.000000000000000000e+00,0.000000000000000000e+00
1.924000000000055479e+02,0.000000000000000000e+00,0.000000000000000000e+00
1.928000000000055252e+02,0.000000000000000000e+00,0.000000000000000000e+00
1.932000000000055593e+02,0.000000000000000000e+00,0.000000000000000000e+00
1.936000000000055934e+02,0.000000000000000000e+00,0.000000000000000000e+00
1.940000000000055707e+02,0.000000000000000000e+00,0.000000000000000000e+00
1.944000000000055479e+02,0.000000000000000000e+00,0.000000000000000000e+00
1.948000000000055820e+02,0.000000000000000000e+00,0.000000000000000000e+00
1.952000000000056161e+02,0.000000000000000000e+00,0.000000000000000000e+00
1.956000000000055934e+02,0.000000000000000000e+00,0.000000000000000000e+00
1.960000000000055707e+02,0.000000000000000000e+00,0.000000000000000000e+00
1.964000000000056048e+02,0.000000000000000000e+00,0.000000000000000000e+00
1.968000000000056389e+02,0.000000000000000000e+00,0.000000000000000000e+00
1.972000000000056161e+02,0.000000000000000000e+00,0.000000000000000000e+00
1.976000000000055934e+02,0.000000000000000000e+00,0.000000000000000000e+00
1.980000000000056275e+02,0.000000000000000000e+00,0.000000000000000000e+00
1.984000000000056616e+02,0.000000000000000000e+00,0.000000000000000000e+00
1.988000000000056389e+02,0.000000000000000000e+00,0.000000000000000000e+00
1.992000000000056161e+02,0.000000000000000000e+00,0.000000000000000000e+00
1.996000000000056502e+02,0.000000000000000000e+00,0.000000000000000000e+00
