98906 52.444 60.831
98969 48.337 56.392
98999 46.351 48.55
99182 47.074 53.751
99185 47.178 58.033
99288 50.133 55.959
100110 50.129 55.96
100164 47.276 61.679
100165 47.125 60.495
100166 47.159 61.399
100167 47.164 61.839
100168 47.137 59.469
100169 47.107 56.399
100170 47.162 61.837
100186 50.089 55.952
100195 48.331 60.661
100196 48.33 60.661
100197 48.33 60.661
100198 48.297 58.671
100201 48.23 58.777
100202 48.288 60.704
100204 48.424 62.142
100205 48.287 60.532
100206 48.233 58.773
100225 55.341 63.924
100226 55.275 63.924
100227 55.279 63.926
