98694 47.55 51.221
98695 53.099 58.96
98696 53.102 58.959
98697 47.555 53.108
98699 47.651 51.317
98788 47.547 52.009
98791 47.578 52.667
98792 50.05 52.091
98794 50.106 56.96
98795 50.102 57.753
98885 47.601 52.322
98891 47.593 52.431
98892 47.595 52.236
98906 52.444 60.831
98934 46.24 52.947
98935 46.022 46.933
98936 46.157 50.489
98937 46.142 51.086
98938 46.132 50.5
98939 46.324 51.055
98969 48.337 56.392
98975 46.013 46.504
98977 46.141 52.915
98978 46.216 52.735
98979 46.116 51.106
98980 46.074 51.256
98981 46.071 49.293
98982 46.059 52.134
98983 46.128 52.282
98984 46.129 52.718
98985 46.183 52.797
98986 46.288 52.916
98987 46.206 54.881
98990 46.229 52.88
98991 46.157 50.163
98992 46.177 52.104
98994 46.967 51.244
98995 47.076 53.825
98996 46.437 52.205
98997 46.305 50.638
98998 46.301 51.934
98999 46.351 48.55
99003 50.134 58.893
99137 47.587 51.118
99138 47.642 52.304
99140 46.115 54.933
99157 44.046 47.701
99159 44.034 45.986
99173 53.098 58.944
99182 47.074 53.751
99185 47.1776 58.033
99187 46.039 49.36
99194 45.318 48.916
99208 47.549 48.824
99221 49.198 53.2772
99223 44.023 45.428
99224 44.071 49.348
99225 44.07 48.754
99267 49.2 57.792
99269 49.137 54.837
99280 49.11 54.034
99283 49.161 54.243
99288 50.133 55.959
100108 47.619 52.588
100110 50.129 55.96
100130 46.079 50.939
100131 46.0598 50.958
100133 49.071 59.011
100134 49.082 57.986
100143 49.059 53.957
100164 47.276 61.679
100165 47.125 60.495
100166 47.159 61.399
100167 47.164 61.839
100168 47.137 59.469
100169 47.107 56.399
100170 47.162 61.837
100182 50.046 52.634
100186 50.089 55.952
100195 48.331 60.661
100196 48.33 60.661
100197 48.33 60.661
100198 48.297 58.671
100201 48.23 58.777
100202 48.288 60.704
100204 48.424 62.142
100205 48.287 60.532
100206 48.233 58.773
100225 55.341 63.924
100226 55.275 63.924
100227 55.279 63.926
